JD_12641219,2021-02-28,0,0,0,0,0,0,0
JD_12641211,2021-02-28,0,0,0,0,0,0,0
JD_12641209,2021-02-28,0,0,0,0,0,0,0
JD_12641191,2021-02-28,0,0,0,0,0,0,0
JD_12641189,2021-02-28,0,0,0,0,0,0,0
JD_12641179,2021-02-28,0,0,0,0,0,0,0
JD_12641175,2021-02-28,0,0,0,0,0,0,0
JD_12641165,2021-02-28,0,0,0,0,0,0,0
JD_12641133,2021-02-28,0,0,0,0,0,0,0
JD_12641129,2021-02-28,0,0,0,0,0,0,0
JD_12641127,2021-02-28,0,0,0,0,0,0,0
JD_12641125,2021-02-28,0,0,0,0,0,0,0
JD_12641123,2021-02-28,0,0,0,0,0,0,0
JD_12641121,2021-02-28,0,0,0,0,0,0,0
JD_12641119,2021-02-28,0,0,0,0,0,0,0
JD_12641117,2021-02-28,0,0,0,0,0,0,0
JD_12641113,2021-02-28,0,0,0,0,0,0,0
JD_12641087,2021-02-28,0,0,0,0,0,0,0
JD_12641085,2021-02-28,0,0,0,0,0,0,0
JD_12641083,2021-02-28,0,0,0,0,0,0,0
JD_12641072,2021-02-28,0,0,0,0,0,0,0
JD_12641069,2021-02-28,0,0,0,0,0,0,0
JD_12641065,2021-02-28,0,0,0,0,0,0,0
JD_12641059,2021-02-28,0,0,0,0,0,0,0
JD_12641055,2021-02-28,0,0,0,0,0,0,0
JD_12641041,2021-02-28,0,0,0,0,0,0,0
JD_12641028,2021-02-28,0,0,0,0,0,0,0
JD_12641013,2021-02-28,0,0,0,0,0,0,0
JD_12641011,2021-02-28,0,0,0,0,0,0,0
JD_12640990,2021-02-28,0,0,0,0,0,0,0
JD_12640981,2021-02-28,0,0,0,0,0,0,0
JD_12640948,2021-02-28,0,0,0,0,0,0,0
JD_12640925,2021-02-28,0,0,0,0,0,0,0
JD_12640915,2021-02-28,0,0,0,0,0,0,0
JD_12640897,2021-02-28,0,0,0,0,0,0,0
JD_12640885,2021-02-28,0,0,0,0,0,0,0
JD_12640881,2021-02-28,0,0,0,0,0,0,0
JD_12640877,2021-02-28,0,0,0,0,0,0,0
JD_12640873,2021-02-28,0,0,0,0,0,0,0
JD_12640869,2021-02-28,0,0,0,0,0,0,0
JD_12640865,2021-02-28,0,0,0,0,0,0,0
JD_12640861,2021-02-28,0,0,0,0,0,0,0
JD_12640851,2021-02-28,0,0,0,0,0,0,0
JD_12640841,2021-02-28,0,0,0,0,0,0,0
JD_12640837,2021-02-28,0,0,0,0,0,0,0
JD_12640831,2021-02-28,0,0,0,0,0,0,0
JD_12640825,2021-02-28,0,0,0,0,0,0,0
JD_12640805,2021-02-28,0,0,0,0,0,0,0
JD_12640803,2021-02-28,0,0,0,0,0,0,0
JD_12640787,2021-02-28,0,0,0,0,0,0,0
JD_12640783,2021-02-28,0,0,0,0,0,0,0
JD_12640779,2021-02-28,0,0,0,0,0,0,0
JD_12640765,2021-02-28,0,0,0,0,0,0,0
JD_12640763,2021-02-28,0,0,0,0,0,0,0
JD_12640761,2021-02-28,0,0,0,0,0,0,0
JD_12640753,2021-02-28,0,0,0,0,0,0,0
JD_12640751,2021-02-28,0,0,0,0,0,0,0
JD_12640747,2021-02-28,0,0,0,0,0,0,0
JD_12640743,2021-02-28,0,0,0,0,0,0,0
JD_12640741,2021-02-28,0,0,0,0,0,0,0
JD_12640739,2021-02-28,0,0,0,0,0,0,0
JD_12640721,2021-02-28,0,0,0,0,0,0,0
JD_12640719,2021-02-28,0,0,0,0,0,0,0
JD_12640715,2021-02-28,0,0,0,0,0,0,0
JD_12640712,2021-02-28,0,0,0,0,0,0,0
JD_12640705,2021-02-28,0,0,0,0,0,0,0
JD_12640694,2021-02-28,0,0,0,0,0,0,0
JD_12640677,2021-02-28,0,0,0,0,0,0,0
JD_12640669,2021-02-28,0,0,0,0,0,0,0
JD_12640608,2021-02-28,0,0,0,0,0,0,0
