JD_12789075,2021-02-28,0,0,0,0,0,0,0
JD_12789073,2021-02-28,0,0,0,0,0,0,0
JD_12789072,2021-02-28,0,0,0,0,0,0,0
JD_12789071,2021-02-28,0,0,0,0,0,0,0
JD_12789070,2021-02-28,0,0,0,0,0,0,0
JD_12789069,2021-02-28,0,0,0,0,0,0,0
JD_12789067,2021-02-28,0,0,0,0,0,0,0
JD_12789065,2021-02-28,0,0,0,0,0,0,0
JD_12789063,2021-02-28,0,0,0,0,0,0,0
JD_12789061,2021-02-28,0,0,0,0,0,0,0
JD_12789059,2021-02-28,0,0,0,0,0,0,0
JD_12789057,2021-02-28,0,0,0,0,0,0,0
JD_12789056,2021-02-28,0,0,0,0,0,0,0
JD_12789055,2021-02-28,0,0,0,0,0,0,0
JD_12789053,2021-02-28,0,0,0,0,0,0,0
JD_12789051,2021-02-28,0,0,0,0,0,0,0
JD_12789049,2021-02-28,0,0,0,0,0,0,0
