JD_12621153,2021-02-28,0,0,0,0,0,0,0
JD_12621111,2021-02-28,0,0,0,0,0,0,0
JD_12621085,2021-02-28,0,0,0,0,0,0,0
JD_12621023,2021-02-28,0,0,0,0,0,0,0
JD_12620994,2021-02-28,0,0,0,0,0,0,0
JD_12620933,2021-02-28,0,0,0,0,0,0,0
JD_12620929,2021-02-28,0,0,0,0,0,0,0
JD_12620877,2021-02-28,0,0,0,0,0,0,0
JD_12620875,2021-02-28,0,0,0,0,0,0,0
JD_12620843,2021-02-28,0,0,0,0,0,0,0
JD_12620821,2021-02-28,0,0,0,0,0,0,0
JD_12620819,2021-02-28,0,0,0,0,0,0,0
JD_12620809,2021-02-28,0,0,0,0,0,0,0
JD_12620791,2021-02-28,0,0,0,0,0,0,0
JD_12620775,2021-02-28,0,0,0,0,0,0,0
JD_12620773,2021-02-28,0,0,0,0,0,0,0
JD_12620765,2021-02-28,0,0,0,0,0,0,0
JD_12620745,2021-02-28,0,0,0,0,0,0,0
JD_12620741,2021-02-28,0,0,0,0,0,0,0
JD_12620731,2021-02-28,0,0,0,0,0,0,0
JD_12620729,2021-02-28,0,0,0,0,0,0,0
JD_12620727,2021-02-28,0,0,0,0,0,0,0
JD_12620725,2021-02-28,0,0,0,0,0,0,0
JD_12620723,2021-02-28,0,0,0,0,0,0,0
JD_12620713,2021-02-28,0,0,0,0,0,0,0
JD_12620687,2021-02-28,0,0,0,0,0,0,0
JD_12620675,2021-02-28,0,0,0,0,0,0,0
JD_12620670,2021-02-28,0,0,0,0,0,0,0
JD_12620668,2021-02-28,0,0,0,0,0,0,0
JD_12620665,2021-02-28,0,0,0,0,0,0,0
JD_12620656,2021-02-28,0,0,0,0,0,0,0
JD_12620654,2021-02-28,0,0,0,0,0,0,0
JD_12620651,2021-02-28,0,0,0,0,0,0,0
JD_12620649,2021-02-28,0,0,0,0,0,0,0
JD_12620647,2021-02-28,0,0,0,0,0,0,0
JD_12620639,2021-02-28,0,0,0,0,0,0,0
JD_12620617,2021-02-28,0,0,0,0,0,0,0
JD_12620613,2021-02-28,0,0,0,0,0,0,0
JD_12620607,2021-02-28,0,0,0,0,0,0,0
JD_12620603,2021-02-28,0,0,0,0,0,0,0
JD_12620575,2021-02-28,0,0,0,0,0,0,0
JD_12620565,2021-02-28,0,0,0,0,0,0,0
JD_12620563,2021-02-28,0,0,0,0,0,0,0
JD_12620559,2021-02-28,0,0,0,0,0,0,0
JD_12620541,2021-02-28,0,0,0,0,0,0,0
JD_12620514,2021-02-28,1,1,0,0,0,0,0
JD_12620445,2021-02-28,0,0,0,0,0,0,0
JD_12620399,2021-02-28,0,0,0,0,0,0,0
JD_12620397,2021-02-28,0,0,0,0,0,0,0
JD_12620391,2021-02-28,0,0,0,0,0,0,0
JD_12620377,2021-02-28,0,0,0,0,0,0,0
JD_12620369,2021-02-28,0,0,0,0,0,0,0
JD_12620363,2021-02-28,0,0,0,0,0,0,0
JD_12620357,2021-02-28,0,0,0,0,0,0,0
JD_12620341,2021-02-28,0,0,0,0,0,0,0
JD_12620331,2021-02-28,0,0,0,0,0,0,0
JD_12620307,2021-02-28,0,0,0,0,0,0,0
JD_12620297,2021-02-28,0,0,0,0,0,0,0
JD_12620281,2021-02-28,0,0,0,0,0,0,0
JD_12620247,2021-02-28,0,0,0,0,0,0,0
JD_12620195,2021-02-28,0,0,0,0,0,0,0
JD_12620194,2021-02-28,0,0,0,0,0,0,0
JD_12620191,2021-02-28,0,0,0,0,0,0,0
JD_12620119,2021-02-28,0,0,0,0,0,0,0
JD_12620109,2021-02-28,0,0,0,0,0,0,0
JD_12620099,2021-02-28,0,0,0,0,0,0,0
JD_12620094,2021-02-28,0,0,0,0,0,0,0
JD_12619970,2021-02-28,0,0,0,0,0,0,0
JD_12619899,2021-02-28,0,0,0,0,0,0,0
JD_12619886,2021-02-28,0,0,0,0,0,0,0
