JD_12538167,2021-02-28,0,0,0,0,0,0,0
JD_12538162,2021-02-28,0,0,0,0,0,0,0
JD_12538141,2021-02-28,0,0,0,0,0,0,0
JD_12538081,2021-02-28,0,0,0,0,0,0,0
JD_12538030,2021-02-28,0,0,0,0,0,0,0
JD_12537986,2021-02-28,0,0,0,0,0,0,0
JD_12537909,2021-02-28,0,0,0,0,0,0,0
JD_12537876,2021-02-28,0,0,0,0,0,0,0
JD_12537872,2021-02-28,0,0,0,0,0,0,0
JD_12537846,2021-02-28,0,0,0,0,0,0,0
JD_12537802,2021-02-28,0,0,0,0,0,0,0
JD_12537547,2021-02-28,0,0,0,0,0,0,0
JD_12537387,2021-02-28,0,0,0,0,0,0,0
JD_12537383,2021-02-28,0,0,0,0,0,0,0
JD_12537376,2021-02-28,0,0,0,0,0,0,0
JD_12537364,2021-02-28,0,0,0,0,0,0,0
JD_12537350,2021-02-28,0,0,0,0,0,0,0
JD_12537346,2021-02-28,0,0,0,0,0,0,0
JD_12537323,2021-02-28,0,0,0,0,0,0,0
JD_12537232,2021-02-28,0,0,0,0,0,0,0
JD_12537213,2021-02-28,0,0,0,0,0,0,0
JD_12537193,2021-02-28,0,0,0,0,0,0,0
JD_12537186,2021-02-28,0,0,0,0,0,0,0
JD_12537111,2021-02-28,0,0,0,0,0,0,0
JD_12537108,2021-02-28,0,0,0,0,0,0,0
JD_12537051,2021-02-28,0,0,0,0,0,0,0
JD_12537027,2021-02-28,0,0,0,0,0,0,0
JD_12536971,2021-02-28,0,0,0,0,0,0,0
JD_12536954,2021-02-28,0,0,0,0,0,0,0
JD_12536783,2021-02-28,0,0,0,0,0,0,0
JD_12536676,2021-02-28,0,0,0,0,0,0,0
JD_12536525,2021-02-28,0,0,0,0,0,0,0
JD_12536509,2021-02-28,0,0,0,0,0,0,0
JD_12536508,2021-02-28,0,0,0,0,0,0,0
JD_12536507,2021-02-28,0,0,0,0,0,0,0
JD_12536505,2021-02-28,0,0,0,0,0,0,0
JD_12536502,2021-02-28,0,0,0,0,0,0,0
JD_12536490,2021-02-28,0,0,0,0,0,0,0
JD_12536455,2021-02-28,0,0,0,0,0,0,0
JD_12536430,2021-02-28,0,0,0,0,0,0,0
JD_12536422,2021-02-28,0,0,0,0,0,0,0
JD_12536400,2021-02-28,0,0,0,0,0,0,0
JD_12536370,2021-02-28,0,0,0,0,0,0,0
JD_12536366,2021-02-28,0,0,0,0,0,0,0
JD_12536235,2021-02-28,0,0,0,0,0,0,0
JD_12536094,2021-02-28,0,0,0,0,0,0,0
JD_12536092,2021-02-28,0,0,0,0,0,0,0
JD_12536045,2021-02-28,0,0,0,0,0,0,0
JD_12535943,2021-02-28,0,0,0,0,0,0,0
JD_12535894,2021-02-28,0,0,0,0,0,0,0
JD_12535838,2021-02-28,0,0,0,0,0,0,0
JD_12535751,2021-02-28,0,0,0,0,0,0,0
JD_12535738,2021-02-28,0,0,0,0,0,0,0
JD_12535733,2021-02-28,0,0,0,0,0,0,0
JD_12535715,2021-02-28,0,0,0,0,0,0,0
JD_12535697,2021-02-28,0,0,0,0,0,0,0
JD_12535665,2021-02-28,0,0,0,0,0,0,0
JD_12535651,2021-02-28,0,0,0,0,0,0,0
JD_12535634,2021-02-28,0,0,0,0,0,0,0
JD_12535632,2021-02-28,0,0,0,0,0,0,0
JD_12535618,2021-02-28,0,0,0,0,0,0,0
JD_12535615,2021-02-28,0,0,0,0,0,0,0
JD_12535600,2021-02-28,0,0,0,0,0,0,0
JD_12535598,2021-02-28,0,0,0,0,0,0,0
JD_12535597,2021-02-28,0,0,0,0,0,0,0
JD_12535534,2021-02-28,0,0,0,0,0,0,0
JD_12535465,2021-02-28,0,0,0,0,0,0,0
JD_12535453,2021-02-28,0,0,0,0,0,0,0
JD_12535423,2021-02-28,0,0,0,0,0,0,0
JD_12535364,2021-02-28,0,0,0,0,0,0,0
