JD_12972614,2021-02-28,0,0,0,0,0,0,0
JD_12972612,2021-02-28,0,0,0,0,0,0,0
JD_12972604,2021-02-28,0,0,0,0,0,0,0
JD_12972596,2021-02-28,0,0,0,0,0,0,0
JD_12972582,2021-02-28,0,0,0,0,0,0,0
JD_12972580,2021-02-28,0,0,0,0,0,0,0
JD_12972576,2021-02-28,0,0,0,0,0,0,0
JD_12972556,2021-02-28,0,0,0,0,0,0,0
JD_12972554,2021-02-28,0,0,0,0,0,0,0
JD_12972460,2021-02-28,0,0,0,0,0,0,0
JD_12972452,2021-02-28,0,0,0,0,0,0,0
JD_12972438,2021-02-28,0,0,0,0,0,0,0
JD_12972384,2021-02-28,0,0,0,0,0,0,0
JD_12972364,2021-02-28,0,0,0,0,0,0,0
JD_12972328,2021-02-28,0,0,0,0,0,0,0
JD_12972320,2021-02-28,0,0,0,0,0,0,0
JD_12972318,2021-02-28,0,0,0,0,0,0,0
JD_12972300,2021-02-28,0,0,0,0,0,0,0
JD_12972296,2021-02-28,0,0,0,0,0,0,0
JD_12972270,2021-02-28,0,0,0,0,0,0,0
JD_12972264,2021-02-28,0,0,0,0,0,0,0
JD_12972226,2021-02-28,0,0,0,0,0,0,0
JD_12972192,2021-02-28,0,0,0,0,0,0,0
JD_12972156,2021-02-28,0,0,0,0,0,0,0
JD_12972128,2021-02-28,0,0,0,0,0,0,0
JD_12972116,2021-02-28,0,0,0,0,0,0,0
JD_12972112,2021-02-28,0,0,0,0,0,0,0
JD_12972108,2021-02-28,0,0,0,0,0,0,0
JD_12972090,2021-02-28,0,0,0,0,0,0,0
JD_12972088,2021-02-28,0,0,0,0,0,0,0
JD_12972086,2021-02-28,0,0,0,0,0,0,0
JD_12972084,2021-02-28,0,0,0,0,0,0,0
JD_12972082,2021-02-28,0,0,0,0,0,0,0
JD_12972066,2021-02-28,0,0,0,0,0,0,0
JD_12972058,2021-02-28,0,0,0,0,0,0,0
JD_12972056,2021-02-28,0,0,0,0,0,0,0
JD_12972054,2021-02-28,0,0,0,0,0,0,0
JD_12972052,2021-02-28,0,0,0,0,0,0,0
JD_12972048,2021-02-28,0,0,0,0,0,0,0
JD_12972038,2021-02-28,0,0,0,0,0,0,0
JD_12972036,2021-02-28,0,0,0,0,0,0,0
JD_12972034,2021-02-28,0,0,0,0,0,0,0
JD_12972032,2021-02-28,0,0,0,0,0,0,0
JD_12972030,2021-02-28,0,0,0,0,0,0,0
JD_12972028,2021-02-28,0,0,0,0,0,0,0
JD_12972022,2021-02-28,0,0,0,0,0,0,0
JD_12972006,2021-02-28,0,0,0,0,0,0,0
JD_12972002,2021-02-28,0,0,0,0,0,0,0
JD_12971994,2021-02-28,0,0,0,0,0,0,0
JD_12971984,2021-02-28,0,0,0,0,0,0,0
JD_12971982,2021-02-28,0,0,0,0,0,0,0
JD_12971978,2021-02-28,0,0,0,0,0,0,0
JD_12971970,2021-02-28,0,0,0,0,0,0,0
JD_12971968,2021-02-28,0,0,0,0,0,0,0
JD_12971966,2021-02-28,0,0,0,0,0,0,0
JD_12971960,2021-02-28,0,0,0,0,0,0,0
JD_12971958,2021-02-28,0,0,0,0,0,0,0
JD_12971954,2021-02-28,0,0,0,0,0,0,0
JD_12971940,2021-02-28,0,0,0,0,0,0,0
JD_12971508,2021-02-28,0,0,0,0,0,0,0
JD_12971506,2021-02-28,0,0,0,0,0,0,0
JD_12971504,2021-02-28,0,0,0,0,0,0,0
JD_12971502,2021-02-28,0,0,0,0,0,0,0
JD_12971496,2021-02-28,0,0,0,0,0,0,0
JD_12971492,2021-02-28,0,0,0,0,0,0,0
JD_12971488,2021-02-28,0,0,0,0,0,0,0
JD_12971474,2021-02-28,0,0,0,0,0,0,0
JD_12971472,2021-02-28,0,0,0,0,0,0,0
JD_12971468,2021-02-28,0,0,0,0,0,0,0
JD_12971464,2021-02-28,0,0,0,0,0,0,0
