JD_12726143,2021-02-28,0,0,0,0,0,0,0
JD_12726135,2021-02-28,0,0,0,0,0,0,0
JD_12726131,2021-02-28,0,0,0,0,0,0,0
JD_12726127,2021-02-28,0,0,0,0,0,0,0
JD_12726125,2021-02-28,0,0,0,0,0,0,0
JD_12726123,2021-02-28,0,0,0,0,0,0,0
JD_12726120,2021-02-28,0,0,0,0,0,0,0
JD_12726115,2021-02-28,0,0,0,0,0,0,0
JD_12726111,2021-02-28,0,0,0,0,0,0,0
JD_12726105,2021-02-28,0,0,0,0,0,0,0
JD_12726099,2021-02-28,0,0,0,0,0,0,0
JD_12726093,2021-02-28,0,0,0,0,0,0,0
JD_12726091,2021-02-28,0,0,0,0,0,0,0
JD_12726080,2021-02-28,0,0,0,0,0,0,0
JD_12726057,2021-02-28,0,0,0,0,0,0,0
JD_12726037,2021-02-28,0,0,0,0,0,0,0
JD_12726026,2021-02-28,0,0,0,0,0,0,0
JD_12726017,2021-02-28,0,0,0,0,0,0,0
JD_12726011,2021-02-28,0,0,0,0,0,0,0
JD_12726008,2021-02-28,0,0,0,0,0,0,0
JD_12725998,2021-02-28,0,0,0,0,0,0,0
JD_12725979,2021-02-28,0,0,0,0,0,0,0
JD_12725978,2021-02-28,0,0,0,0,0,0,0
JD_12725970,2021-02-28,0,0,0,0,0,0,0
JD_12725968,2021-02-28,0,0,0,0,0,0,0
JD_12725949,2021-02-28,0,0,0,0,0,0,0
JD_12725948,2021-02-28,0,0,0,0,0,0,0
JD_12725939,2021-02-28,0,0,0,0,0,0,0
JD_12725879,2021-02-28,0,0,0,0,0,0,0
JD_12725869,2021-02-28,0,0,0,0,0,0,0
JD_12725857,2021-02-28,0,0,0,0,0,0,0
JD_12725851,2021-02-28,0,0,0,0,0,0,0
JD_12725831,2021-02-28,0,0,0,0,0,0,0
JD_12725827,2021-02-28,0,0,0,0,0,0,0
JD_12725814,2021-02-28,0,0,0,0,0,0,0
JD_12725808,2021-02-28,0,0,0,0,0,0,0
JD_12725800,2021-02-28,0,0,0,0,0,0,0
JD_12725798,2021-02-28,0,0,0,0,0,0,0
JD_12725796,2021-02-28,0,0,0,0,0,0,0
JD_12725793,2021-02-28,0,0,0,0,0,0,0
JD_12725787,2021-02-28,0,0,0,0,0,0,0
JD_12725786,2021-02-28,0,0,0,0,0,0,0
JD_12725783,2021-02-28,0,0,0,0,0,0,0
JD_12725776,2021-02-28,0,0,0,0,0,0,0
JD_12725768,2021-02-2812725530,0,0,0,0,0,0,0
JD_12725522,2021-02-28,0,0,0,0,0,0,0
JD_12725520,2021-02-28,0,0,0,0,0,0,0
JD_12725502,2021-02-28,0,0,0,0,0,0,0
JD_12725500,2021-02-28,0,0,0,0,0,0,0
JD_12725498,2021-02-28,0,0,0,0,0,0,0
JD_12725490,2021-02-28,0,0,0,0,0,0,0
JD_12725473,2021-02-28,0,0,0,0,0,0,0
JD_12725472,2021-02-28,0,0,0,0,0,0,0
JD_12725467,2021-02-28,0,0,0,0,0,0,0
JD_12725441,2021-02-28,0,0,0,0,0,0,0
JD_12725429,2021-02-28,0,0,0,0,0,0,0
JD_12725419,2021-02-28,0,0,0,0,0,0,0
JD_12725411,2021-02-28,0,0,0,0,0,0,0
JD_12725398,2021-02-28,0,0,0,0,0,0,0
JD_12725314,2021-02-28,0,0,0,0,0,0,0
JD_12725292,2021-02-28,0,0,0,0,0,0,0
JD_12725291,2021-02-28,0,0,0,0,0,0,0
JD_12725287,2021-02-28,0,0,0,0,0,0,0
JD_12725281,2021-02-28,0,0,0,0,0,0,0
JD_12725275,2021-02-28,0,0,0,0,0,0,0
JD_12725273,2021-02-28,0,0,0,0,0,0,0
JD_12725272,2021-02-28,0,0,0,0,0,0,0
JD_12725271,2021-02-28,0,0,0,0,0,0,0
JD_12725269,2021-02-28,0,0,0,0,0,0,0
JD_12725267,2021-02-28,0,0,0,0,0,0,0
JD_12725265,2021-02-28,0,0,0,0,0,0,0
JD_12725264,2021-02-28,0,0,0,0,0,0,0
JD_12725263,2021-02-28,0,0,0,0,0,0,0
JD_12725255,2021-02-28,0,0,0,0,0,0,0
JD_12725252,2021-02-28,0,0,0,0,0,0,0
JD_12725251,2021-02-28,0,0,0,0,0,0,0
JD_12725247,2021-02-28,0,0,0,0,0,0,0
JD_12725238,2021-02-28,0,0,0,0,0,0,0
JD_12725233,2021-02-28,0,0,0,0,0,0,0
JD_12725228,2021-02-28,0,0,0,0,0,0,0
JD_12725225,2021-02-28,0,0,0,0,0,0,0
JD_12725217,2021-02-28,0,0,0,0,0,0,0
JD_12725216,2021-02-28,0,0,0,0,0,0,0
JD_12725215,2021-02-28,0,0,0,0,0,0,0
JD_12725209,2021-02-28,0,0,0,0,0,0,0
JD_12725207,2021-02-28,0,0,0,0,0,0,0
JD_12725206,2021-02-28,0,0,0,0,0,0,0
JD_12725205,2021-02-28,0,0,0,0,0,0,0
JD_12725198,2021-02-28,0,0,0,0,0,0,0
JD_12725197,2021-02-28,0,0,0,0,0,0,0
JD_12725187,2021-02-28,0,0,0,0,0,0,0
JD_12725169,2021-02-28,0,0,0,0,0,0,0
JD_12725157,2021-02-28,0,0,0,0,0,0,0
JD_12725149,2021-02-28,0,0,0,0,0,0,0
JD_12725143,2021-02-28,0,0,0,0,0,0,0
