JD_12696115,2021-02-28,0,0,0,0,0,0,0
JD_12696099,2021-02-28,0,0,0,0,0,0,0
JD_12696079,2021-02-28,0,0,0,0,0,0,0
JD_12696065,2021-02-28,0,0,0,0,0,0,0
JD_12696056,2021-02-28,0,0,0,0,0,0,0
JD_12696035,2021-02-28,0,0,0,0,0,0,0
JD_12696019,2021-02-28,0,0,0,0,0,0,0
JD_12696006,2021-02-28,0,0,0,0,0,0,0
JD_12695992,2021-02-28,0,0,0,0,0,0,0
JD_12695988,2021-02-28,0,0,0,0,0,0,0
JD_12695980,2021-02-28,0,0,0,0,0,0,0
JD_12695965,2021-02-28,0,0,0,0,0,0,0
JD_12695964,2021-02-28,0,0,0,0,0,0,0
JD_12695962,2021-02-28,0,0,0,0,0,0,0
JD_12695961,2021-02-28,0,0,0,0,0,0,0
JD_12695947,2021-02-28,0,0,0,0,0,0,0
JD_12695929,2021-02-28,0,0,0,0,0,0,0
JD_12695894,2021-02-28,0,0,0,0,0,0,0
JD_12695866,2021-02-28,0,0,0,0,0,0,0
JD_12695860,2021-02-28,0,0,0,0,0,0,0
JD_12695789,2021-02-28,0,0,0,0,0,0,0
JD_12695786,2021-02-28,0,0,0,0,0,0,0
JD_12695772,2021-02-28,0,0,0,0,0,0,0
JD_12695765,2021-02-28,0,0,0,0,0,0,0
JD_12695763,2021-02-28,0,0,0,0,0,0,0
JD_12695761,2021-02-28,0,0,0,0,0,0,0
JD_12695751,2021-02-28,0,0,0,0,0,0,0
JD_12695737,2021-02-28,0,0,0,0,0,0,0
JD_12695736,2021-02-28,0,0,0,0,0,0,0
JD_12695728,2021-02-28,0,0,0,0,0,0,0
JD_12695727,2021-02-28,0,0,0,0,0,0,0
JD_12695725,2021-02-28,0,0,0,0,0,0,0
JD_12695715,2021-02-28,0,0,0,0,0,0,0
JD_12695713,2021-02-28,0,0,0,0,0,0,0
JD_12695705,2021-02-28,0,0,0,0,0,0,0
JD_12695698,2021-02-28,0,0,0,0,0,0,0
JD_12695643,2021-02-28,1,1,0,0,0,0,0
JD_12695627,2021-02-28,0,0,0,0,0,0,0
JD_12695591,2021-02-28,0,0,0,0,0,0,0
JD_12695582,2021-02-28,0,0,0,0,0,0,0
JD_12695581,2021-02-28,0,0,0,0,0,0,0
JD_12695579,2021-02-28,0,0,0,0,0,0,0
JD_12695569,2021-02-28,0,0,0,0,0,0,0
JD_12695561,2021-02-28,0,0,0,0,0,0,0
JD_12695555,2021-02-28,0,0,0,0,0,0,0
JD_12695549,2021-02-28,0,0,0,0,0,0,0
JD_12695545,2021-02-28,0,0,0,0,0,0,0
JD_12695543,2021-02-28,0,0,0,0,0,0,0
JD_12695541,2021-02-28,0,0,0,0,0,0,0
JD_12695539,2021-02-28,0,0,0,0,0,0,0
JD_12695535,2021-02-28,0,0,0,0,0,0,0
JD_12695529,2021-02-28,0,0,0,0,0,0,0
JD_12695520,2021-02-28,0,0,0,0,0,0,0
JD_12695517,2021-02-28,0,0,0,0,0,0,0
JD_12695516,2021-02-28,0,0,0,0,0,0,0
JD_12695507,2021-02-28,0,0,0,0,0,0,0
JD_12695505,2021-02-28,0,0,0,0,0,0,0
JD_12695455,2021-02-28,0,0,0,0,0,0,0
JD_12695447,2021-02-28,0,0,0,0,0,0,0
JD_12695442,2021-02-28,0,0,0,0,0,0,0
JD_12695440,2021-02-28,0,0,0,0,0,0,0
JD_12695420,2021-02-28,0,0,0,0,0,0,0
JD_12695404,2021-02-28,0,0,0,0,0,0,0
JD_12695401,2021-02-28,0,0,0,0,0,0,0
JD_12695387,2021-02-28,0,0,0,0,0,0,0
JD_12695381,2021-02-28,0,0,0,0,0,0,0
JD_12695380,2021-02-28,0,0,0,0,0,0,0
JD_12695374,2021-02-28,0,0,0,0,0,0,0
JD_12695303,2021-02-28,0,0,0,0,0,0,0
JD_12695302,2021-02-28,0,0,0,0,0,0,0
