JD_12661197,2021-02-28,0,0,0,0,0,0,0
JD_12661189,2021-02-28,0,0,0,0,0,0,0
JD_12661154,2021-02-28,0,0,0,0,0,0,0
JD_12661132,2021-02-28,0,0,0,0,0,0,0
JD_12661089,2021-02-28,0,0,0,0,0,0,0
JD_12661072,2021-02-28,0,0,0,0,0,0,0
JD_12661036,2021-02-28,0,0,0,0,0,0,0
JD_12661035,2021-02-28,0,0,0,0,0,0,0
JD_12661033,2021-02-28,0,0,0,0,0,0,0
JD_12661029,2021-02-28,0,0,0,0,0,0,0
JD_12661013,2021-02-28,0,0,0,0,0,0,0
JD_12661008,2021-02-28,0,0,0,0,0,0,0
JD_12660989,2021-02-28,0,0,0,0,0,0,0
JD_12660947,2021-02-28,0,0,0,0,0,0,0
JD_12660927,2021-02-28,0,0,0,0,0,0,0
JD_12660919,2021-02-28,0,0,0,0,0,0,0
JD_12660911,2021-02-28,0,0,0,0,0,0,0
JD_12660885,2021-02-28,0,0,0,0,0,0,0
JD_12660851,2021-02-28,0,0,0,0,0,0,0
JD_12660833,2021-02-28,0,0,0,0,0,0,0
JD_12660831,2021-02-28,0,0,0,0,0,0,0
JD_12660774,2021-02-28,0,0,0,0,0,0,0
JD_12660720,2021-02-28,0,0,0,0,0,0,0
JD_12660690,2021-02-28,0,0,0,0,0,0,0
JD_12660616,2021-02-28,0,0,0,0,0,0,0
JD_12660598,2021-02-28,0,0,0,0,0,0,0
JD_12660589,2021-02-28,0,0,0,0,0,0,0
JD_12660458,2021-02-28,0,0,0,0,0,0,0
JD_12660430,2021-02-28,0,0,0,0,0,0,0
JD_12660428,2021-02-28,0,0,0,0,0,0,0
JD_12660419,2021-02-28,0,0,0,0,0,0,0
JD_12660415,2021-02-28,0,0,0,0,0,0,0
JD_12660390,2021-02-28,0,0,0,0,0,0,0
JD_12660379,2021-02-28,0,0,0,0,0,0,0
JD_12660332,2021-02-28,0,0,0,0,0,0,0
JD_12660311,2021-02-28,0,0,0,0,0,0,0
JD_12660306,2021-02-28,0,0,0,0,0,0,0
JD_12660304,2021-02-28,0,0,0,0,0,0,0
JD_12660290,2021-02-28,0,0,0,0,0,0,0
JD_12660245,2021-02-28,0,0,0,0,0,0,0
JD_12660232,2021-02-28,0,0,0,0,0,0,0
JD_12660231,2021-02-28,0,0,0,0,0,0,0
JD_12660230,2021-02-28,0,0,0,0,0,0,0
JD_12660229,2021-02-28,0,0,0,0,0,0,0
JD_12660226,2021-02-28,0,0,0,0,0,0,0
JD_12660222,2021-02-28,0,0,0,0,0,0,0
JD_12660207,2021-02-28,0,0,0,0,0,0,0
JD_12660204,2021-02-28,0,0,0,0,0,0,0
JD_12660198,2021-02-28,0,0,0,0,0,0,0
JD_12660196,2021-02-28,0,0,0,0,0,0,0
JD_12660194,2021-02-28,0,0,0,0,0,0,0
JD_12660174,2021-02-28,0,0,0,0,0,0,0
JD_12660145,2021-02-28,0,0,0,0,0,0,0
JD_12660119,2021-02-28,0,0,0,0,0,0,0
JD_12660093,2021-02-28,0,0,0,0,0,0,0
JD_12660091,2021-02-28,0,0,0,0,0,0,0
JD_12660083,2021-02-28,0,0,0,0,0,0,0
JD_12660053,2021-02-28,0,0,0,0,0,0,0
JD_12660043,2021-02-28,0,0,0,0,0,0,0
JD_12660042,2021-02-28,0,0,0,0,0,0,0
JD_12660028,2021-02-28,0,0,0,0,0,0,0
JD_12660026,2021-02-28,0,0,0,0,0,0,0
JD_12659981,2021-02-28,0,0,0,0,0,0,0
JD_12659952,2021-02-28,0,0,0,0,0,0,0
JD_12659899,2021-02-28,0,0,0,0,0,0,0
JD_12659819,2021-02-28,0,0,0,0,0,0,0
JD_12659817,2021-02-28,1,1,0,0,0,0,0
JD_12659811,2021-02-28,0,0,0,0,0,0,0
JD_12659736,2021-02-28,0,0,0,0,0,0,0
JD_12659719,2021-02-28,0,0,0,0,0,0,0
