JD_12733879,2021-02-28,0,0,0,0,0,0,0
JD_12733877,2021-02-28,0,0,0,0,0,0,0
JD_12733774,2021-02-28,0,0,0,0,0,0,0
JD_12733766,2021-02-28,0,0,0,0,0,0,0
JD_12733762,2021-02-28,0,0,0,0,0,0,0
JD_12733758,2021-02-28,0,0,0,0,0,0,0
JD_12733748,2021-02-28,0,0,0,0,0,0,0
JD_12733744,2021-02-28,0,0,0,0,0,0,0
JD_12733720,2021-02-28,0,0,0,0,0,0,0
JD_12733710,2021-02-28,0,0,0,0,0,0,0
JD_12733704,2021-02-28,0,0,0,0,0,0,0
JD_12733688,2021-02-28,0,0,0,0,0,0,0
JD_12733658,2021-02-28,0,0,0,0,0,0,0
JD_12733644,2021-02-28,0,0,0,0,0,0,0
JD_12733640,2021-02-28,0,0,0,0,0,0,0
JD_12733626,2021-02-28,0,0,0,0,0,0,0
JD_12733624,2021-02-28,0,0,0,0,0,0,0
JD_12733576,2021-02-28,0,0,0,0,0,0,0
JD_12733573,2021-02-28,0,0,0,0,0,0,0
JD_12733572,2021-02-28,0,0,0,0,0,0,0
JD_12733568,2021-02-28,0,0,0,0,0,0,0
JD_12733545,2021-02-28,0,0,0,0,0,0,0
JD_12733544,2021-02-28,0,0,0,0,0,0,0
JD_12733540,2021-02-28,0,0,0,0,0,0,0
JD_12733538,2021-02-28,0,0,0,0,0,0,0
JD_12733495,2021-02-28,0,0,0,0,0,0,0
JD_12733486,2021-02-28,0,0,0,0,0,0,0
JD_12733447,2021-02-28,0,0,0,0,0,0,0
JD_12733445,2021-02-28,0,0,0,0,0,0,0
JD_12733421,2021-02-28,0,0,0,0,0,0,0
JD_12733417,2021-02-28,0,0,0,0,0,0,0
JD_12733413,2021-02-28,0,0,0,0,0,0,0
JD_12733411,2021-02-28,0,0,0,0,0,0,0
JD_12733409,2021-02-28,0,0,0,0,0,0,0
JD_12733407,2021-02-28,0,0,0,0,0,0,0
JD_12733405,2021-02-28,0,0,0,0,0,0,0
JD_12733403,2021-02-28,0,0,0,0,0,0,0
JD_12733401,2021-02-28,0,0,0,0,0,0,0
JD_12733399,2021-02-28,0,0,0,0,0,0,0
JD_12733395,2021-02-28,0,0,0,0,0,0,0
JD_12733392,2021-02-28,0,0,0,0,0,0,0
JD_12733389,2021-02-28,0,0,0,0,0,0,0
JD_12733385,2021-02-28,0,0,0,0,0,0,0
JD_12733383,2021-02-28,0,0,0,0,0,0,0
JD_12733343,2021-02-28,0,0,0,0,0,0,0
JD_12733333,2021-02-28,0,0,0,0,0,0,0
JD_12733324,2021-02-28,0,0,0,0,0,0,0
JD_12733313,2021-02-28,0,0,0,0,0,0,0
JD_12733311,2021-02-28,0,0,0,0,0,0,0
JD_12733286,2021-02-28,0,0,0,0,0,0,0
JD_12733241,2021-02-28,0,0,0,0,0,0,0
JD_12733205,2021-02-28,0,0,0,0,0,0,0
JD_12733202,2021-02-28,0,0,0,0,0,0,0
JD_12733201,2021-02-28,0,0,0,0,0,0,0
JD_12733197,2021-02-28,0,0,0,0,0,0,0
JD_12733195,2021-02-28,0,0,0,0,0,0,0
JD_12733193,2021-02-28,0,0,0,0,0,0,0
JD_12733186,2021-02-28,0,0,0,0,0,0,0
JD_12733175,2021-02-28,0,0,0,0,0,0,0
JD_12733159,2021-02-28,0,0,0,0,0,0,0
JD_12733157,2021-02-28,0,0,0,0,0,0,0
JD_12733151,2021-02-28,0,0,0,0,0,0,0
JD_12733143,2021-02-28,0,0,0,0,0,0,0
JD_12733119,2021-02-28,0,0,0,0,0,0,0
JD_12733117,2021-02-28,0,0,0,0,0,0,0
JD_12733105,2021-02-28,0,0,0,0,0,0,0
JD_12733089,2021-02-28,0,0,0,0,0,0,0
JD_12733087,2021-02-28,0,0,0,0,0,0,0
JD_12733069,2021-02-28,0,0,0,0,0,0,0
JD_12733067,2021-02-28,0,0,0,0,0,0,0
