JD_12529417,2021-02-28,0,0,0,0,0,0,0
JD_12529331,2021-02-28,0,0,0,0,0,0,0
JD_12529303,2021-02-28,0,0,0,0,0,0,0
JD_12529287,2021-02-28,0,0,0,0,0,0,0
JD_12529267,2021-02-28,0,0,0,0,0,0,0
JD_12529263,2021-02-28,0,0,0,0,0,0,0
JD_12529261,2021-02-28,0,0,0,0,0,0,0
JD_12529251,2021-02-28,0,0,0,0,0,0,0
JD_12529200,2021-02-28,0,0,0,0,0,0,0
JD_12529146,2021-02-28,0,0,0,0,0,0,0
JD_12529142,2021-02-28,0,0,0,0,0,0,0
JD_12529086,2021-02-28,0,0,0,0,0,0,0
JD_12529048,2021-02-28,0,0,0,0,0,0,0
JD_12528966,2021-02-28,0,0,0,0,0,0,0
JD_12528962,2021-02-28,0,0,0,0,0,0,0
JD_12528956,2021-02-28,0,0,0,0,0,0,0
JD_12528925,2021-02-28,0,0,0,0,0,0,0
JD_12528850,2021-02-28,0,0,0,0,0,0,0
JD_12528779,2021-02-28,0,0,0,0,0,0,0
JD_12528771,2021-02-28,0,0,0,0,0,0,0
JD_12528761,2021-02-28,0,0,0,0,0,0,0
JD_12528715,2021-02-28,0,0,0,0,0,0,0
JD_12528699,2021-02-28,0,0,0,0,0,0,0
JD_12528684,2021-02-28,0,0,0,0,0,0,0
JD_12528661,2021-02-28,0,0,0,0,0,0,0
JD_12528651,2021-02-28,0,0,0,0,0,0,0
JD_12528647,2021-02-28,0,0,0,0,0,0,0
JD_12528639,2021-02-28,0,0,0,0,0,0,0
JD_12528609,2021-02-28,0,0,0,0,0,0,0
JD_12528561,2021-02-28,0,0,0,0,0,0,0
JD_12528558,2021-02-28,0,0,0,0,0,0,0
JD_12528531,2021-02-28,0,0,0,0,0,0,0
JD_12528482,2021-02-28,0,0,0,0,0,0,0
JD_12528414,2021-02-28,0,0,0,0,0,0,0
JD_12528333,2021-02-28,0,0,0,0,0,0,0
JD_12528277,2021-02-28,0,0,0,0,0,0,0
JD_12528242,2021-02-28,0,0,0,0,0,0,0
JD_12528231,2021-02-28,0,0,0,0,0,0,0
JD_12528109,2021-02-28,0,0,0,0,0,0,0
JD_12528090,2021-02-28,0,0,0,0,0,0,0
JD_12528088,2021-02-28,0,0,0,0,0,0,0
JD_12528039,2021-02-28,0,0,0,0,0,0,0
JD_12527935,2021-02-28,0,0,0,0,0,0,0
JD_12527835,2021-02-28,0,0,0,0,0,0,0
JD_12527808,2021-02-28,0,0,0,0,0,0,0
JD_12527735,2021-02-28,0,0,0,0,0,0,0
JD_12527671,2021-02-28,0,0,0,0,0,0,0
JD_12527639,2021-02-28,0,0,0,0,0,0,0
JD_12527599,2021-02-28,0,0,0,0,0,0,0
JD_12527553,2021-02-28,0,0,0,0,0,0,0
JD_12527525,2021-02-28,0,0,0,0,0,0,0
JD_12527457,2021-02-28,0,0,0,0,0,0,0
JD_12527410,2021-02-28,0,0,0,0,0,0,0
JD_12527395,2021-02-28,0,0,0,0,0,0,0
JD_12527321,2021-02-28,0,0,0,0,0,0,0
JD_12527255,2021-02-28,0,0,0,0,0,0,0
JD_12527079,2021-02-28,0,0,0,0,0,0,0
JD_12527047,2021-02-28,0,0,0,0,0,0,0
JD_12526992,2021-02-28,0,0,0,0,0,0,0
JD_12526979,2021-02-28,0,0,0,0,0,0,0
JD_12526940,2021-02-28,0,0,0,0,0,0,0
JD_12526933,2021-02-28,0,0,0,0,0,0,0
JD_12526931,2021-02-28,0,0,0,0,0,0,0
JD_12526899,2021-02-28,0,0,0,0,0,0,0
JD_12526878,2021-02-28,0,0,0,0,0,0,0
JD_12526833,2021-02-28,0,0,0,0,0,0,0
JD_12526730,2021-02-28,0,0,0,0,0,0,0
JD_12526638,2021-02-28,0,0,0,0,0,0,0
JD_12526467,2021-02-28,0,0,0,0,0,0,0
JD_12526457,2021-02-28,0,0,0,0,0,0,0
