JD_12659704,2021-02-28,0,0,0,0,0,0,0
JD_12659691,2021-02-28,0,0,0,0,0,0,0
JD_12659682,2021-02-28,0,0,0,0,0,0,0
JD_12659645,2021-02-28,0,0,0,0,0,0,0
JD_12659623,2021-02-28,0,0,0,0,0,0,0
JD_12659556,2021-02-28,0,0,0,0,0,0,0
JD_12659555,2021-02-28,0,0,0,0,0,0,0
JD_12659491,2021-02-28,0,0,0,0,0,0,0
JD_12659487,2021-02-28,0,0,0,0,0,0,0
JD_12659477,2021-02-28,0,0,0,0,0,0,0
JD_12659476,2021-02-28,0,0,0,0,0,0,0
JD_12659473,2021-02-28,0,0,0,0,0,0,0
JD_12659463,2021-02-28,0,0,0,0,0,0,0
JD_12659456,2021-02-28,0,0,0,0,0,0,0
JD_12659451,2021-02-28,0,0,0,0,0,0,0
JD_12659449,2021-02-28,0,0,0,0,0,0,0
JD_12659441,2021-02-28,0,0,0,0,0,0,0
JD_12659437,2021-02-28,0,0,0,0,0,0,0
JD_12659436,2021-02-28,0,0,0,0,0,0,0
JD_12659434,2021-02-28,0,0,0,0,0,0,0
JD_12659433,2021-02-28,0,0,0,0,0,0,0
JD_12659427,2021-02-28,0,0,0,0,0,0,0
JD_12659419,2021-02-28,0,0,0,0,0,0,0
JD_12659417,2021-02-28,0,0,0,0,0,0,0
JD_12659415,2021-02-28,0,0,0,0,0,0,0
JD_12659411,2021-02-28,0,0,0,0,0,0,0
JD_12659393,2021-02-28,0,0,0,0,0,0,0
JD_12659391,2021-02-28,0,0,0,0,0,0,0
JD_12659389,2021-02-28,0,0,0,0,0,0,0
JD_12659387,2021-02-28,0,0,0,0,0,0,0
JD_12659383,2021-02-28,0,0,0,0,0,0,0
JD_12659375,2021-02-28,0,0,0,0,0,0,0
JD_12659373,2021-02-28,0,0,0,0,0,0,0
JD_12659371,2021-02-28,0,0,0,0,0,0,0
JD_12659369,2021-02-28,0,0,0,0,0,0,0
JD_12659367,2021-02-28,0,0,0,0,0,0,0
JD_12659363,2021-02-28,0,0,0,0,0,0,0
JD_12659361,2021-02-28,0,0,0,0,0,0,0
JD_12659355,2021-02-28,0,0,0,0,0,0,0
JD_12659353,2021-02-28,0,0,0,0,0,0,0
JD_12659347,2021-02-28,0,0,0,0,0,0,0
JD_12659329,2021-02-28,0,0,0,0,0,0,0
JD_12659325,2021-02-28,0,0,0,0,0,0,0
JD_12659291,2021-02-28,0,0,0,0,0,0,0
JD_12659277,2021-02-28,0,0,0,0,0,0,0
JD_12659276,2021-02-28,0,0,0,0,0,0,0
JD_12659267,2021-02-28,0,0,0,0,0,0,0
JD_12659265,2021-02-28,0,0,0,0,0,0,0
JD_12659261,2021-02-28,0,0,0,0,0,0,0
JD_12659254,2021-02-28,0,0,0,0,0,0,0
JD_12659253,2021-02-28,0,0,0,0,0,0,0
JD_12659249,2021-02-28,0,0,0,0,0,0,0
JD_12659247,2021-02-28,0,0,0,0,0,0,0
JD_12659233,2021-02-28,0,0,0,0,0,0,0
JD_12659231,2021-02-28,0,0,0,0,0,0,0
JD_12659222,2021-02-28,0,0,0,0,0,0,0
JD_12659220,2021-02-28,0,0,0,0,0,0,0
JD_12659203,2021-02-28,0,0,0,0,0,0,0
JD_12659191,2021-02-28,0,0,0,0,0,0,0
JD_12659183,2021-02-28,0,0,0,0,0,0,0
JD_12659159,2021-02-28,0,0,0,0,0,0,0
JD_12658988,2021-02-28,0,0,0,0,0,0,0
JD_12658982,2021-02-28,0,0,0,0,0,0,0
JD_12658970,2021-02-28,0,0,0,0,0,0,0
JD_12658968,2021-02-28,0,0,0,0,0,0,0
JD_12658876,2021-02-28,0,0,0,0,0,0,0
JD_12658776,2021-02-28,0,0,0,0,0,0,0
JD_12658744,2021-02-28,0,0,0,0,0,0,0
JD_12658734,2021-02-28,0,0,0,0,0,0,0
JD_12658696,2021-02-28,0,0,0,0,0,0,0
