JD_12526439,2021-02-28,0,0,0,0,0,0,0
JD_12526285,2021-02-28,0,0,0,0,0,0,0
JD_12526281,2021-02-28,0,0,0,0,0,0,0
JD_12526271,2021-02-28,0,0,0,0,0,0,0
JD_12526243,2021-02-28,0,0,0,0,0,0,0
JD_12526239,2021-02-28,0,0,0,0,0,0,0
JD_12526223,2021-02-28,0,0,0,0,0,0,0
JD_12526221,2021-02-28,0,0,0,0,0,0,0
JD_12526209,2021-02-28,0,0,0,0,0,0,0
JD_12526115,2021-02-28,0,0,0,0,0,0,0
JD_12525975,2021-02-28,400,300,60,0,0,1,0
JD_12525974,2021-02-28,7,5,2,0,0,0,0
JD_12525973,2021-02-28,11,11,0,0,0,0,0
JD_12525972,2021-02-28,2,2,0,0,0,0,0
JD_12525971,2021-02-28,18,17,1,0,0,0,0
JD_12525969,2021-02-28,300,300,61,0,0,0,0
JD_12525967,2021-02-28,200,200,43,0,0,2,0
JD_12525965,2021-02-28,5,5,0,0,0,0,0
JD_12525964,2021-02-28,7,7,0,0,0,0,0
JD_12525963,2021-02-28,6,6,0,0,0,0,0
JD_12525961,2021-02-28,36,31,5,0,0,0,0
JD_12525959,2021-02-28,0,0,0,0,0,0,0
JD_12525957,2021-02-28,20,17,3,0,0,0,0
JD_12525956,2021-02-28,300,200,68,1,0,1,1
JD_12525955,2021-02-28,1,1,0,0,0,0,0
JD_12525954,2021-02-28,800,700,100,0,0,2,0
JD_12525953,2021-02-28,52,45,7,0,0,0,0
JD_12525952,2021-02-28,8,8,0,0,0,0,0
JD_12525951,2021-02-28,44,38,6,0,0,0,0
JD_12525950,2021-02-28,1000,700,200,3,0,2,2
JD_12525949,2021-02-28,100,100,38,0,0,0,1
JD_12525948,2021-02-28,26,22,4,0,0,1,0
JD_12525946,2021-02-28,12,11,1,0,0,0,0
JD_12525943,2021-02-28,39,32,7,0,0,0,0
JD_12525942,2021-02-28,7,4,3,0,0,0,0
JD_12525941,2021-02-28,18,13,5,0,0,0,0
JD_12525939,2021-02-28,100,100,26,1,0,0,2
JD_12525936,2021-02-28,1,1,0,0,0,0,0
JD_12525934,2021-02-28,1,1,0,0,0,0,0
JD_12525933,2021-02-28,100,91,15,0,0,0,0
JD_12525932,2021-02-28,7,7,0,0,0,0,0
JD_12525931,2021-02-28,9,7,2,0,0,0,0
JD_12525930,2021-02-28,95,80,15,0,0,0,0
JD_12525929,2021-02-28,84,71,13,0,0,0,0
JD_12525928,2021-02-28,63,55,8,0,0,0,0
JD_12525927,2021-02-28,7,5,2,0,0,0,0
JD_12525925,2021-02-28,200,100,31,0,0,0,0
JD_12525923,2021-02-28,700,600,100,0,0,0,0
JD_12525921,2021-02-28,93,81,12,0,0,0,0
JD_12525919,2021-02-28,16,14,2,0,0,0,0
JD_12525917,2021-02-28,7,7,0,0,0,0,0
JD_12525916,2021-02-28,87,71,16,0,0,0,0
JD_12525915,2021-02-28,9,8,1,0,0,0,0
JD_12525914,2021-02-28,100,100,16,1,0,0,0
JD_12525882,2021-02-28,0,0,0,0,0,0,0
JD_12525878,2021-02-28,0,0,0,0,0,0,0
JD_12525874,2021-02-28,0,0,0,0,0,0,0
JD_12525860,2021-02-28,0,0,0,0,0,0,0
JD_12525845,2021-02-28,0,0,0,0,0,0,0
JD_12525836,2021-02-28,0,0,0,0,0,0,0
JD_12525834,2021-02-28,0,0,0,0,0,0,0
JD_12525815,2021-02-28,0,0,0,0,0,0,0
JD_12525813,2021-02-28,0,0,0,0,0,0,0
JD_12525745,2021-02-28,0,0,0,0,0,0,0
JD_12525707,2021-02-28,0,0,0,0,0,0,0
JD_12525623,2021-02-28,0,0,0,0,0,0,0
JD_12525617,2021-02-28,0,0,0,0,0,0,0
JD_12525593,2021-02-28,0,0,0,0,0,0,0
JD_12525559,2021-02-28,0,0,0,0,0,0,0
JD_12525552,2021-02-28,0,0,0,0,0,0,0
