JD_13031202,2021-02-28,1,1,0,0,0,0,0
JD_13031200,2021-02-28,0,0,0,0,0,0,0
JD_13031186,2021-02-28,0,0,0,0,0,0,0
JD_13031170,2021-02-28,0,0,0,0,0,0,0
JD_13031152,2021-02-28,0,0,0,0,0,0,0
JD_13031122,2021-02-28,0,0,0,0,0,0,0
JD_13031120,2021-02-28,0,0,0,0,0,0,0
JD_13031110,2021-02-28,1,1,0,0,0,0,0
JD_13031102,2021-02-28,0,0,0,0,0,0,0
JD_13031082,2021-02-28,0,0,0,0,0,0,0
JD_13031072,2021-02-28,0,0,0,0,0,0,0
JD_13031062,2021-02-28,0,0,0,0,0,0,0
JD_13030708,2021-02-28,0,0,0,0,0,0,0
JD_13030704,2021-02-28,0,0,0,0,0,0,0
JD_13030700,2021-02-28,0,0,0,0,0,0,0
JD_13030450,2021-02-28,0,0,0,0,0,0,0
JD_13030316,2021-02-28,0,0,0,0,0,0,0
JD_13030294,2021-02-28,0,0,0,0,0,0,0
JD_13030284,2021-02-28,0,0,0,0,0,0,0
JD_13030280,2021-02-28,0,0,0,0,0,0,0
JD_13030270,2021-02-28,0,0,0,0,0,0,0
JD_13030264,2021-02-28,0,0,0,0,0,0,0
JD_13030262,2021-02-28,0,0,0,0,0,0,0
