JD_12693944,2021-02-28,0,0,0,0,0,0,0
JD_12693937,2021-02-28,0,0,0,0,0,0,0
JD_12693933,2021-02-28,0,0,0,0,0,0,0
JD_12693814,2021-02-28,0,0,0,0,0,0,0
JD_12693788,2021-02-28,0,0,0,0,0,0,0
JD_12693786,2021-02-28,0,0,0,0,0,0,0
JD_12693783,2021-02-28,0,0,0,0,0,0,0
JD_12693778,2021-02-28,0,0,0,0,0,0,0
JD_12693767,2021-02-28,0,0,0,0,0,0,0
JD_12693750,2021-02-28,0,0,0,0,0,0,0
JD_12693728,2021-02-28,0,0,0,0,0,0,0
JD_12693714,2021-02-28,0,0,0,0,0,0,0
JD_12693710,2021-02-28,0,0,0,0,0,0,0
JD_12693709,2021-02-28,0,0,0,0,0,0,0
JD_12693700,2021-02-28,0,0,0,0,0,0,0
JD_12693683,2021-02-28,0,0,0,0,0,0,0
JD_12693668,2021-02-28,0,0,0,0,0,0,0
JD_12693641,2021-02-28,0,0,0,0,0,0,0
JD_12693639,2021-02-28,0,0,0,0,0,0,0
JD_12693627,2021-02-28,0,0,0,0,0,0,0
JD_12693626,2021-02-28,0,0,0,0,0,0,0
JD_12693608,2021-02-28,0,0,0,0,0,0,0
JD_12693596,2021-02-28,0,0,0,0,0,0,0
JD_12693592,2021-02-28,0,0,0,0,0,0,0
JD_12693571,2021-02-28,0,0,0,0,0,0,0
JD_12693567,2021-02-28,0,0,0,0,0,0,0
JD_12693550,2021-02-28,0,0,0,0,0,0,0
JD_12693517,2021-02-28,0,0,0,0,0,0,0
JD_12693465,2021-02-28,0,0,0,0,0,0,0
JD_12693463,2021-02-28,0,0,0,0,0,0,0
JD_12693452,2021-02-28,0,0,0,0,0,0,0
JD_12693448,2021-02-28,0,0,0,0,0,0,0
JD_12693435,2021-02-28,0,0,0,0,0,0,0
JD_12693411,2021-02-28,0,0,0,0,0,0,0
JD_12693409,2021-02-28,0,0,0,0,0,0,0
JD_12693386,2021-02-28,0,0,0,0,0,0,0
JD_12693380,2021-02-28,0,0,0,0,0,0,0
JD_12693378,2021-02-28,0,0,0,0,0,0,0
JD_12693354,2021-02-28,0,0,0,0,0,0,0
JD_12693350,2021-02-28,0,0,0,0,0,0,0
JD_12693323,2021-02-28,0,0,0,0,0,0,0
JD_12693313,2021-02-28,0,0,0,0,0,0,0
JD_12693309,2021-02-28,0,0,0,0,0,0,0
JD_12693307,2021-02-28,0,0,0,0,0,0,0
JD_12693305,2021-02-28,0,0,0,0,0,0,0
JD_12693301,2021-02-28,0,0,0,0,0,0,0
JD_12693289,2021-02-28,0,0,0,0,0,0,0
JD_12693280,2021-02-28,0,0,0,0,0,0,0
JD_12693279,2021-02-28,0,0,0,0,0,0,0
JD_12693277,2021-02-28,0,0,0,0,0,0,0
JD_12693275,2021-02-28,0,0,0,0,0,0,0
JD_12693271,2021-02-28,0,0,0,0,0,0,0
JD_12693269,2021-02-28,0,0,0,0,0,0,0
JD_12693263,2021-02-28,0,0,0,0,0,0,0
JD_12693251,2021-02-28,0,0,0,0,0,0,0
JD_12693249,2021-02-28,0,0,0,0,0,0,0
JD_12693247,2021-02-28,0,0,0,0,0,0,0
JD_12693245,2021-02-28,0,0,0,0,0,0,0
JD_12693243,2021-02-28,0,0,0,0,0,0,0
JD_12693235,2021-02-28,0,0,0,0,0,0,0
JD_12693229,2021-02-28,0,0,0,0,0,0,0
JD_12693199,2021-02-28,0,0,0,0,0,0,0
JD_12693197,2021-02-28,0,0,0,0,0,0,0
JD_12693108,2021-02-28,0,0,0,0,0,0,0
JD_12693071,2021-02-28,0,0,0,0,0,0,0
JD_12693069,2021-02-28,0,0,0,0,0,0,0
JD_12693053,2021-02-28,0,0,0,0,0,0,0
JD_12693039,2021-02-28,0,0,0,0,0,0,0
JD_12692974,2021-02-28,0,0,0,0,0,0,0
JD_12692969,2021-02-28,0,0,0,0,0,0,0
