JD_12657628,2021-02-28,0,0,0,0,0,0,0
JD_12657627,2021-02-28,0,0,0,0,0,0,0
JD_12657625,2021-02-28,0,0,0,0,0,0,0
JD_12657616,2021-02-28,0,0,0,0,0,0,0
JD_12657615,2021-02-28,0,0,0,0,0,0,0
JD_12657614,2021-02-28,0,0,0,0,0,0,0
JD_12657603,2021-02-28,0,0,0,0,0,0,0
JD_12657600,2021-02-28,0,0,0,0,0,0,0
JD_12657598,2021-02-28,0,0,0,0,0,0,0
JD_12657596,2021-02-28,0,0,0,0,0,0,0
JD_12657594,2021-02-28,0,0,0,0,0,0,0
JD_12657592,2021-02-28,0,0,0,0,0,0,0
JD_12657580,2021-02-28,0,0,0,0,0,0,0
JD_12657578,2021-02-28,0,0,0,0,0,0,0
JD_12657577,2021-02-28,0,0,0,0,0,0,0
JD_12657576,2021-02-28,0,0,0,0,0,0,0
JD_12657574,2021-02-28,0,0,0,0,0,0,0
JD_12657570,2021-02-28,0,0,0,0,0,0,0
JD_12657560,2021-02-28,0,0,0,0,0,0,0
JD_12657558,2021-02-28,0,0,0,0,0,0,0
JD_12657556,2021-02-28,0,0,0,0,0,0,0
JD_12657547,2021-02-28,0,0,0,0,0,0,0
JD_12657485,2021-02-28,0,0,0,0,0,0,0
JD_12657482,2021-02-28,0,0,0,0,0,0,0
JD_12657471,2021-02-28,0,0,0,0,0,0,0
JD_12657465,2021-02-28,0,0,0,0,0,0,0
JD_12657443,2021-02-28,0,0,0,0,0,0,0
JD_12657438,2021-02-28,0,0,0,0,0,0,0
JD_12657435,2021-02-28,0,0,0,0,0,0,0
JD_12657429,2021-02-28,0,0,0,0,0,0,0
JD_12657427,2021-02-28,0,0,0,0,0,0,0
JD_12657421,2021-02-28,0,0,0,0,0,0,0
JD_12657419,2021-02-28,0,0,0,0,0,0,0
JD_12657418,2021-02-28,0,0,0,0,0,0,0
JD_12657417,2021-02-28,0,0,0,0,0,0,0
JD_12657414,2021-02-28,0,0,0,0,0,0,0
JD_12657400,2021-02-28,0,0,0,0,0,0,0
JD_12657394,2021-02-28,0,0,0,0,0,0,0
JD_12657385,2021-02-28,0,0,0,0,0,0,0
JD_12657355,2021-02-28,0,0,0,0,0,0,0
JD_12657343,2021-02-28,0,0,0,0,0,0,0
JD_12657309,2021-02-28,0,0,0,0,0,0,0
JD_12657300,2021-02-28,0,0,0,0,0,0,0
JD_12657277,2021-02-28,0,0,0,0,0,0,0
JD_12657247,2021-02-28,0,0,0,0,0,0,0
JD_12657231,2021-02-28,0,0,0,0,0,0,0
JD_12657221,2021-02-28,0,0,0,0,0,0,0
JD_12657207,2021-02-28,0,0,0,0,0,0,0
JD_12657205,2021-02-28,0,0,0,0,0,0,0
JD_12657203,2021-02-28,0,0,0,0,0,0,0
JD_12657187,2021-02-28,0,0,0,0,0,0,0
JD_12657185,2021-02-28,0,0,0,0,0,0,0
JD_12657183,2021-02-28,0,0,0,0,0,0,0
JD_12657181,2021-02-28,0,0,0,0,0,0,0
JD_12657179,2021-02-28,0,0,0,0,0,0,0
JD_12657177,2021-02-28,0,0,0,0,0,0,0
JD_12657165,2021-02-28,0,0,0,0,0,0,0
JD_12657161,2021-02-28,0,0,0,0,0,0,0
JD_12657159,2021-02-28,0,0,0,0,0,0,0
JD_12657155,2021-02-28,0,0,0,0,0,0,0
JD_12657117,2021-02-28,0,0,0,0,0,0,0
JD_12657095,2021-02-28,0,0,0,0,0,0,0
JD_12657093,2021-02-28,0,0,0,0,0,0,0
JD_12657081,2021-02-28,0,0,0,0,0,0,0
JD_12657019,2021-02-28,0,0,0,0,0,0,0
JD_12657011,2021-02-28,0,0,0,0,0,0,0
JD_12657009,2021-02-28,0,0,0,0,0,0,0
JD_12656977,2021-02-28,0,0,0,0,0,0,0
JD_12656975,2021-02-28,0,0,0,0,0,0,0
JD_12656973,2021-02-28,0,0,0,0,0,0,0
