JD_12614031,2021-02-28,0,0,0,0,0,0,0
JD_12614013,2021-02-28,0,0,0,0,0,0,0
JD_12613993,2021-02-28,0,0,0,0,0,0,0
JD_12613988,2021-02-28,0,0,0,0,0,0,0
JD_12613959,2021-02-28,0,0,0,0,0,0,0
JD_12613951,2021-02-28,0,0,0,0,0,0,0
JD_12613947,2021-02-28,0,0,0,0,0,0,0
JD_12613937,2021-02-28,0,0,0,0,0,0,0
JD_12613933,2021-02-28,0,0,0,0,0,0,0
JD_12613881,2021-02-28,0,0,0,0,0,0,0
JD_12613865,2021-02-28,0,0,0,0,0,0,0
JD_12613861,2021-02-28,0,0,0,0,0,0,0
JD_12613785,2021-02-28,0,0,0,0,0,0,0
JD_12613781,2021-02-28,0,0,0,0,0,0,0
JD_12613763,2021-02-28,0,0,0,0,0,0,0
JD_12613749,2021-02-28,0,0,0,0,0,0,0
JD_12613741,2021-02-28,0,0,0,0,0,0,0
JD_12613719,2021-02-28,0,0,0,0,0,0,0
JD_12613717,2021-02-28,0,0,0,0,0,0,0
JD_12613706,2021-02-28,0,0,0,0,0,0,0
JD_12613698,2021-02-28,0,0,0,0,0,0,0
JD_12613689,2021-02-28,0,0,0,0,0,0,0
JD_12613683,2021-02-28,0,0,0,0,0,0,0
JD_12613672,2021-02-28,0,0,0,0,0,0,0
JD_12613620,2021-02-28,0,0,0,0,0,0,0
JD_12613602,2021-02-28,0,0,0,0,0,0,0
JD_12613580,2021-02-28,0,0,0,0,0,0,0
JD_12613541,2021-02-28,0,0,0,0,0,0,0
JD_12613537,2021-02-28,0,0,0,0,0,0,0
JD_12613527,2021-02-28,0,0,0,0,0,0,0
JD_12613509,2021-02-28,0,0,0,0,0,0,0
JD_12613503,2021-02-28,0,0,0,0,0,0,0
JD_12613501,2021-02-28,0,0,0,0,0,0,0
JD_12613497,2021-02-28,0,0,0,0,0,0,0
JD_12613491,2021-02-28,0,0,0,0,0,0,0
JD_12613441,2021-02-28,0,0,0,0,0,0,0
JD_12613431,2021-02-28,0,0,0,0,0,0,0
JD_12613429,2021-02-28,0,0,0,0,0,0,0
JD_12613427,2021-02-28,0,0,0,0,0,0,0
JD_12613395,2021-02-28,0,0,0,0,0,0,0
JD_12613393,2021-02-28,0,0,0,0,0,0,0
JD_12613389,2021-02-28,0,0,0,0,0,0,0
JD_12613387,2021-02-28,0,0,0,0,0,0,0
JD_12613385,2021-02-28,0,0,0,0,0,0,0
JD_12613359,2021-02-28,0,0,0,0,0,0,0
JD_12613357,2021-02-28,0,0,0,0,0,0,0
JD_12613355,2021-02-28,0,0,0,0,0,0,0
JD_12613347,2021-02-28,0,0,0,0,0,0,0
JD_12613345,2021-02-28,0,0,0,0,0,0,0
JD_12613321,2021-02-28,0,0,0,0,0,0,0
JD_12613315,2021-02-28,0,0,0,0,0,0,0
JD_12613307,2021-02-28,0,0,0,0,0,0,0
JD_12613305,2021-02-28,0,0,0,0,0,0,0
JD_12613293,2021-02-28,0,0,0,0,0,0,0
JD_12613289,2021-02-28,0,0,0,0,0,0,0
JD_12613244,2021-02-28,0,0,0,0,0,0,0
JD_12613223,2021-02-28,0,0,0,0,0,0,0
JD_12613211,2021-02-28,0,0,0,0,0,0,0
JD_12613197,2021-02-28,0,0,0,0,0,0,0
JD_12613195,2021-02-28,0,0,0,0,0,0,0
JD_12613177,2021-02-28,0,0,0,0,0,0,0
JD_12613131,2021-02-28,0,0,0,0,0,0,0
JD_12613125,2021-02-28,0,0,0,0,0,0,0
JD_12613121,2021-02-28,0,0,0,0,0,0,0
JD_12612947,2021-02-28,0,0,0,0,0,0,0
JD_12612919,2021-02-28,0,0,0,0,0,0,0
JD_12612911,2021-02-28,0,0,0,0,0,0,0
JD_12612905,2021-02-28,0,0,0,0,0,0,0
JD_12612894,2021-02-28,0,0,0,0,0,0,0
JD_12612879,2021-02-28,0,0,0,0,0,0,0
