JD_12656971,2021-02-28,0,0,0,0,0,0,0
JD_12656970,2021-02-28,0,0,0,0,0,0,0
JD_12656967,2021-02-28,0,0,0,0,0,0,0
JD_12656965,2021-02-28,0,0,0,0,0,0,0
JD_12656953,2021-02-28,0,0,0,0,0,0,0
JD_12656949,2021-02-28,0,0,0,0,0,0,0
JD_12656947,2021-02-28,0,0,0,0,0,0,0
JD_12656945,2021-02-28,0,0,0,0,0,0,0
JD_12656943,2021-02-28,0,0,0,0,0,0,0
JD_12656930,2021-02-28,0,0,0,0,0,0,0
JD_12656921,2021-02-28,0,0,0,0,0,0,0
JD_12656905,2021-02-28,0,0,0,0,0,0,0
JD_12656882,2021-02-28,0,0,0,0,0,0,0
JD_12656881,2021-02-28,0,0,0,0,0,0,0
JD_12656855,2021-02-28,0,0,0,0,0,0,0
JD_12656851,2021-02-28,0,0,0,0,0,0,0
JD_12656830,2021-02-28,0,0,0,0,0,0,0
JD_12656829,2021-02-28,0,0,0,0,0,0,0
JD_12656808,2021-02-28,0,0,0,0,0,0,0
JD_12656754,2021-02-28,0,0,0,0,0,0,0
JD_12656735,2021-02-28,0,0,0,0,0,0,0
JD_12656648,2021-02-28,0,0,0,0,0,0,0
JD_12656635,2021-02-28,0,0,0,0,0,0,0
JD_12656617,2021-02-28,0,0,0,0,0,0,0
JD_12656594,2021-02-28,0,0,0,0,0,0,0
JD_12656592,2021-02-28,0,0,0,0,0,0,0
JD_12656589,2021-02-28,0,0,0,0,0,0,0
JD_12656572,2021-02-28,0,0,0,0,0,0,0
JD_12656571,2021-02-28,0,0,0,0,0,0,0
JD_12656570,2021-02-28,0,0,0,0,0,0,0
JD_12656557,2021-02-28,0,0,0,0,0,0,0
JD_12656552,2021-02-28,0,0,0,0,0,0,0
JD_12656551,2021-02-28,0,0,0,0,0,0,0
JD_12656502,2021-02-28,0,0,0,0,0,0,0
JD_12656488,2021-02-28,0,0,0,0,0,0,0
JD_12656486,2021-02-28,0,0,0,0,0,0,0
JD_12656480,2021-02-28,0,0,0,0,0,0,0
JD_12656475,2021-02-28,0,0,0,0,0,0,0
JD_12656468,2021-02-28,0,0,0,0,0,0,0
JD_12656433,2021-02-28,0,0,0,0,0,0,0
JD_12656419,2021-02-28,0,0,0,0,0,0,0
JD_12656417,2021-02-28,0,0,0,0,0,0,0
JD_12656413,2021-02-28,0,0,0,0,0,0,0
JD_12656345,2021-02-28,0,0,0,0,0,0,0
JD_12656343,2021-02-28,0,0,0,0,0,0,0
JD_12656339,2021-02-28,0,0,0,0,0,0,0
JD_12656331,2021-02-28,0,0,0,0,0,0,0
JD_12656315,2021-02-28,0,0,0,0,0,0,0
JD_12656314,2021-02-28,0,0,0,0,0,0,0
JD_12656313,2021-02-28,0,0,0,0,0,0,0
JD_12656309,2021-02-28,0,0,0,0,0,0,0
JD_12656291,2021-02-28,0,0,0,0,0,0,0
JD_12656285,2021-02-28,0,0,0,0,0,0,0
JD_12656281,2021-02-28,0,0,0,0,0,0,0
JD_12656277,2021-02-28,0,0,0,0,0,0,0
JD_12656275,2021-02-28,0,0,0,0,0,0,0
JD_12656271,2021-02-28,0,0,0,0,0,0,0
JD_12656261,2021-02-28,0,0,0,0,0,0,0
JD_12656259,2021-02-28,0,0,0,0,0,0,0
JD_12656213,2021-02-28,0,0,0,0,0,0,0
JD_12656181,2021-02-28,0,0,0,0,0,0,0
JD_12656135,2021-02-28,0,0,0,0,0,0,0
JD_12656081,2021-02-28,0,0,0,0,0,0,0
JD_12656012,2021-02-28,0,0,0,0,0,0,0
JD_12656002,2021-02-28,0,0,0,0,0,0,0
JD_12655987,2021-02-28,0,0,0,0,0,0,0
JD_12655984,2021-02-28,0,0,0,0,0,0,0
JD_12655979,2021-02-28,0,0,0,0,0,0,0
JD_12655914,2021-02-28,0,0,0,0,0,0,0
JD_12655907,2021-02-28,0,0,0,0,0,0,0
