JD_12717923,2021-02-28,0,0,0,0,0,0,0
JD_12717922,2021-02-28,0,0,0,0,0,0,0
JD_12717913,2021-02-28,0,0,0,0,0,0,0
JD_12717906,2021-02-28,0,0,0,0,0,0,0
JD_12717904,2021-02-28,0,0,0,0,0,0,0
JD_12717903,2021-02-28,0,0,0,0,0,0,0
JD_12717899,2021-02-28,0,0,0,0,0,0,0
JD_12717880,2021-02-28,0,0,0,0,0,0,0
JD_12717858,2021-02-28,0,0,0,0,0,0,0
JD_12717641,2021-02-28,0,0,0,0,0,0,0
JD_12717633,2021-02-28,0,0,0,0,0,0,0
JD_12717621,2021-02-28,0,0,0,0,0,0,0
JD_12717596,2021-02-28,0,0,0,0,0,0,0
JD_12717577,2021-02-28,0,0,0,0,0,0,0
JD_12717574,2021-02-28,0,0,0,0,0,0,0
JD_12717557,2021-02-28,0,0,0,0,0,0,0
JD_12717551,2021-02-28,0,0,0,0,0,0,0
JD_12717547,2021-02-28,0,0,0,0,0,0,0
JD_12717545,2021-02-28,0,0,0,0,0,0,0
JD_12717535,2021-02-28,0,0,0,0,0,0,0
JD_12717533,2021-02-28,0,0,0,0,0,0,0
JD_12717525,2021-02-28,0,0,0,0,0,0,0
JD_12717517,2021-02-28,0,0,0,0,0,0,0
JD_12717515,2021-02-28,0,0,0,0,0,0,0
JD_12717513,2021-02-28,0,0,0,0,0,0,0
JD_12717511,2021-02-28,0,0,0,0,0,0,0
JD_12717485,2021-02-28,0,0,0,0,0,0,0
JD_12717483,2021-02-28,1,1,0,0,0,0,0
JD_12717424,2021-02-28,0,0,0,0,0,0,0
JD_12717397,2021-02-28,0,0,0,0,0,0,0
JD_12717395,2021-02-28,0,0,0,0,0,0,0
JD_12717391,2021-02-28,0,0,0,0,0,0,0
JD_12717387,2021-02-28,0,0,0,0,0,0,0
JD_12717383,2021-02-28,0,0,0,0,0,0,0
JD_12717379,2021-02-28,0,0,0,0,0,0,0
JD_12717374,2021-02-28,0,0,0,0,0,0,0
JD_12717373,2021-02-28,0,0,0,0,0,0,0
JD_12717355,2021-02-28,0,0,0,0,0,0,0
JD_12717333,2021-02-28,0,0,0,0,0,0,0
JD_12717329,2021-02-28,0,0,0,0,0,0,0
JD_12717299,2021-02-28,0,0,0,0,0,0,0
JD_12717291,2021-02-28,0,0,0,0,0,0,0
JD_12717250,2021-02-28,0,0,0,0,0,0,0
JD_12717245,2021-02-28,0,0,0,0,0,0,0
JD_12717243,2021-02-28,0,0,0,0,0,0,0
JD_12717201,2021-02-28,0,0,0,0,0,0,0
JD_12717181,2021-02-28,0,0,0,0,0,0,0
JD_12717160,2021-02-28,0,0,0,0,0,0,0
JD_12717084,2021-02-28,0,0,0,0,0,0,0
JD_12717048,2021-02-28,0,0,0,0,0,0,0
JD_12717018,2021-02-28,0,0,0,0,0,0,0
JD_12717016,2021-02-28,0,0,0,0,0,0,0
JD_12717004,2021-02-28,0,0,0,0,0,0,0
JD_12716989,2021-02-28,0,0,0,0,0,0,0
JD_12716988,2021-02-28,0,0,0,0,0,0,0
JD_12716972,2021-02-28,0,0,0,0,0,0,0
JD_12716960,2021-02-28,0,0,0,0,0,0,0
JD_12716945,2021-02-28,0,0,0,0,0,0,0
JD_12716940,2021-02-28,0,0,0,0,0,0,0
JD_12716921,2021-02-28,0,0,0,0,0,0,0
JD_12716919,2021-02-28,0,0,0,0,0,0,0
JD_12716910,2021-02-28,0,0,0,0,0,0,0
JD_12716901,2021-02-28,0,0,0,0,0,0,0
JD_12716891,2021-02-28,0,0,0,0,0,0,0
JD_12716890,2021-02-28,0,0,0,0,0,0,0
JD_12716889,2021-02-28,0,0,0,0,0,0,0
JD_12716888,2021-02-28,0,0,0,0,0,0,0
JD_12716886,2021-02-28,0,0,0,0,0,0,0
JD_12716883,2021-02-28,0,0,0,0,0,0,0
JD_12716881,2021-02-28,0,0,0,0,0,0,0
