JD_12615340,2021-02-28,0,0,0,0,0,0,0
JD_12615319,2021-02-28,0,0,0,0,0,0,0
JD_12615307,2021-02-28,0,0,0,0,0,0,0
JD_12615262,2021-02-28,0,0,0,0,0,0,0
JD_12615186,2021-02-28,0,0,0,0,0,0,0
JD_12615143,2021-02-28,0,0,0,0,0,0,0
JD_12615119,2021-02-28,0,0,0,0,0,0,0
JD_12615117,2021-02-28,0,0,0,0,0,0,0
JD_12615106,2021-02-28,0,0,0,0,0,0,0
JD_12615096,2021-02-28,0,0,0,0,0,0,0
JD_12615079,2021-02-28,0,0,0,0,0,0,0
JD_12615077,2021-02-28,0,0,0,0,0,0,0
JD_12615055,2021-02-28,0,0,0,0,0,0,0
JD_12614993,2021-02-28,0,0,0,0,0,0,0
JD_12614989,2021-02-28,0,0,0,0,0,0,0
JD_12614975,2021-02-28,0,0,0,0,0,0,0
JD_12614974,2021-02-28,0,0,0,0,0,0,0
JD_12614953,2021-02-28,0,0,0,0,0,0,0
JD_12614942,2021-02-28,0,0,0,0,0,0,0
JD_12614932,2021-02-28,0,0,0,0,0,0,0
JD_12614893,2021-02-28,0,0,0,0,0,0,0
JD_12614883,2021-02-28,0,0,0,0,0,0,0
JD_12614878,2021-02-28,0,0,0,0,0,0,0
JD_12614869,2021-02-28,0,0,0,0,0,0,0
JD_12614853,2021-02-28,0,0,0,0,0,0,0
JD_12614838,2021-02-28,0,0,0,0,0,0,0
JD_12614799,2021-02-28,0,0,0,0,0,0,0
JD_12614791,2021-02-28,0,0,0,0,0,0,0
JD_12614790,2021-02-28,0,0,0,0,0,0,0
JD_12614781,2021-02-28,0,0,0,0,0,0,0
JD_12614752,2021-02-28,0,0,0,0,0,0,0
JD_12614672,2021-02-28,0,0,0,0,0,0,0
JD_12614668,2021-02-28,0,0,0,0,0,0,0
JD_12614654,2021-02-28,0,0,0,0,0,0,0
JD_12614652,2021-02-28,0,0,0,0,0,0,0
JD_12614648,2021-02-28,0,0,0,0,0,0,0
JD_12614632,2021-02-28,0,0,0,0,0,0,0
JD_12614597,2021-02-28,0,0,0,0,0,0,0
JD_12614543,2021-02-28,0,0,0,0,0,0,0
JD_12614486,2021-02-28,0,0,0,0,0,0,0
JD_12614468,2021-02-28,0,0,0,0,0,0,0
JD_12614466,2021-02-28,0,0,0,0,0,0,0
JD_12614434,2021-02-28,0,0,0,0,0,0,0
JD_12614429,2021-02-28,0,0,0,0,0,0,0
JD_12614425,2021-02-28,0,0,0,0,0,0,0
JD_12614398,2021-02-28,0,0,0,0,0,0,0
JD_12614379,2021-02-28,0,0,0,0,0,0,0
JD_12614360,2021-02-28,0,0,0,0,0,0,0
JD_12614326,2021-02-28,0,0,0,0,0,0,0
JD_12614319,2021-02-28,0,0,0,0,0,0,0
JD_12614314,2021-02-28,0,0,0,0,0,0,0
JD_12614313,2021-02-28,0,0,0,0,0,0,0
JD_12614299,2021-02-28,0,0,0,0,0,0,0
JD_12614283,2021-02-28,0,0,0,0,0,0,0
JD_12614279,2021-02-28,0,0,0,0,0,0,0
JD_12614249,2021-02-28,0,0,0,0,0,0,0
JD_12614230,2021-02-28,0,0,0,0,0,0,0
JD_12614228,2021-02-28,0,0,0,0,0,0,0
JD_12614218,2021-02-28,0,0,0,0,0,0,0
JD_12614217,2021-02-28,0,0,0,0,0,0,0
JD_12614214,2021-02-28,0,0,0,0,0,0,0
JD_12614177,2021-02-28,0,0,0,0,0,0,0
JD_12614167,2021-02-28,0,0,0,0,0,0,0
JD_12614147,2021-02-28,0,0,0,0,0,0,0
JD_12614143,2021-02-28,0,0,0,0,0,0,0
JD_12614138,2021-02-28,0,0,0,0,0,0,0
JD_12614131,2021-02-28,0,0,0,0,0,0,0
JD_12614103,2021-02-28,0,0,0,0,0,0,0
JD_12614099,2021-02-28,0,0,0,0,0,0,0
JD_12614055,2021-02-28,0,0,0,0,0,0,0
