JD_13074140,2021-02-28,0,0,0,0,0,0,0
JD_13074136,2021-02-28,0,0,0,0,0,0,0
JD_13074134,2021-02-28,0,0,0,0,0,0,0
JD_13074128,2021-02-28,0,0,0,0,0,0,0
JD_13074124,2021-02-28,0,0,0,0,0,0,0
JD_13074122,2021-02-28,0,0,0,0,0,0,0
JD_13074120,2021-02-28,0,0,0,0,0,0,0
JD_13074118,2021-02-28,0,0,0,0,0,0,0
JD_13074114,2021-02-28,0,0,0,0,0,0,0
JD_13074112,2021-02-28,0,0,0,0,0,0,0
JD_13074106,2021-02-28,0,0,0,0,0,0,0
JD_13074104,2021-02-28,0,0,0,0,0,0,0
JD_13074098,2021-02-28,0,0,0,0,0,0,0
JD_13074094,2021-02-28,0,0,0,0,0,0,0
JD_13074092,2021-02-28,0,0,0,0,0,0,0
JD_13074090,2021-02-28,0,0,0,0,0,0,0
JD_13074082,2021-02-28,0,0,0,0,0,0,0
JD_13074078,2021-02-28,0,0,0,0,0,0,0
JD_13074076,2021-02-28,0,0,0,0,0,0,0
JD_13074070,2021-02-28,0,0,0,0,0,0,0
JD_13074068,2021-02-28,0,0,0,0,0,0,0
JD_13074062,2021-02-28,1,1,0,0,0,0,0
JD_13074060,2021-02-28,0,0,0,0,0,0,0
JD_13074052,2021-02-28,0,0,0,0,0,0,0
JD_13074044,2021-02-28,0,0,0,0,0,0,0
JD_13074038,2021-02-28,0,0,0,0,0,0,0
JD_13074036,2021-02-28,0,0,0,0,0,0,0
JD_13074034,2021-02-28,0,0,0,0,0,0,0
JD_13074032,2021-02-28,0,0,0,0,0,0,0
JD_13074028,2021-02-28,0,0,0,0,0,0,0
JD_13074018,2021-02-28,0,0,0,0,0,0,0
JD_13074002,2021-02-28,0,0,0,0,0,0,0
JD_13073990,2021-02-28,0,0,0,0,0,0,0
JD_13073974,2021-02-28,0,0,0,0,0,0,0
JD_13073970,2021-02-28,0,0,0,0,0,0,0
JD_13073958,2021-02-28,0,0,0,0,0,0,0
JD_13073956,2021-02-28,0,0,0,0,0,0,0
JD_13073926,2021-02-28,0,0,0,0,0,0,0
JD_13073922,2021-02-28,0,0,0,0,0,0,0
JD_13073916,2021-02-28,0,0,0,0,0,0,0
JD_13073910,2021-02-28,0,0,0,0,0,0,0
JD_13073908,2021-02-28,0,0,0,0,0,0,0
JD_13073892,2021-02-28,0,0,0,0,0,0,0
JD_13073762,2021-02-28,0,0,0,0,0,0,0
JD_13073756,2021-02-28,0,0,0,0,0,0,0
JD_13073748,2021-02-28,0,0,0,0,0,0,0
JD_13073746,2021-02-28,1,0,1,0,0,0,0
JD_13073744,2021-02-28,0,0,0,0,0,0,0
JD_13073742,2021-02-28,0,0,0,0,0,0,0
JD_13073734,2021-02-28,0,0,0,0,0,0,0
JD_13073732,2021-02-28,0,0,0,0,0,0,0
JD_13073728,2021-02-28,0,0,0,0,0,0,0
JD_13073726,2021-02-28,0,0,0,0,0,0,0
JD_13073724,2021-02-28,0,0,0,0,0,0,0
JD_13073722,2021-02-28,0,0,0,0,0,0,0
JD_13073718,2021-02-28,0,0,0,0,0,0,0
JD_13073716,2021-02-28,0,0,0,0,0,0,0
JD_13073714,2021-02-28,0,0,0,0,0,0,0
JD_13073710,2021-02-28,1,1,0,0,0,0,0
JD_13073708,2021-02-28,0,0,0,0,0,0,0
JD_13073706,2021-02-28,0,0,0,0,0,0,0
JD_13073702,2021-02-28,0,0,0,0,0,0,0
JD_13073700,2021-02-28,0,0,0,0,0,0,0
JD_13072764,2021-02-28,0,0,0,0,0,0,0
JD_13072762,2021-02-28,0,0,0,0,0,0,0
JD_13072758,2021-02-28,0,0,0,0,0,0,0
JD_13072756,2021-02-28,0,0,0,0,0,0,0
JD_13072754,2021-02-28,0,0,0,0,0,0,0
JD_13072752,2021-02-28,0,0,0,0,0,0,0
JD_13072746,2021-02-28,0,0,0,0,0,0,0
