JD_12561267,2021-02-28,0,0,0,0,0,0,0
JD_12561259,2021-02-28,0,0,0,0,0,0,0
JD_12561209,2021-02-28,0,0,0,0,0,0,0
JD_12561205,2021-02-28,0,0,0,0,0,0,0
JD_12561200,2021-02-28,0,0,0,0,0,0,0
JD_12561190,2021-02-28,0,0,0,0,0,0,0
JD_12561133,2021-02-28,0,0,0,0,0,0,0
JD_12561064,2021-02-28,0,0,0,0,0,0,0
JD_12560904,2021-02-28,0,0,0,0,0,0,0
JD_12560895,2021-02-28,0,0,0,0,0,0,0
JD_12560894,2021-02-28,0,0,0,0,0,0,0
JD_12560831,2021-02-28,0,0,0,0,0,0,0
JD_12560741,2021-02-28,0,0,0,0,0,0,0
JD_12560685,2021-02-28,0,0,0,0,0,0,0
JD_12560645,2021-02-28,0,0,0,0,0,0,0
JD_12560479,2021-02-28,0,0,0,0,0,0,0
JD_12560429,2021-02-28,0,0,0,0,0,0,0
JD_12560349,2021-02-28,0,0,0,0,0,0,0
JD_12560262,2021-02-28,0,0,0,0,0,0,0
JD_12560204,2021-02-28,0,0,0,0,0,0,0
JD_12560179,2021-02-28,0,0,0,0,0,0,0
JD_12560079,2021-02-28,0,0,0,0,0,0,0
JD_12560064,2021-02-28,0,0,0,0,0,0,0
JD_12560052,2021-02-28,0,0,0,0,0,0,0
JD_12560044,2021-02-28,0,0,0,0,0,0,0
JD_12560008,2021-02-28,0,0,0,0,0,0,0
JD_12560005,2021-02-28,0,0,0,0,0,0,0
JD_12559945,2021-02-28,0,0,0,0,0,0,0
JD_12559941,2021-02-28,0,0,0,0,0,0,0
JD_12559933,2021-02-28,0,0,0,0,0,0,0
JD_12559905,2021-02-28,0,0,0,0,0,0,0
JD_12552063,2021-02-28,0,0,0,0,0,0,0
