JD_12718637,2021-02-28,0,0,0,0,0,0,0
JD_12718613,2021-02-28,0,0,0,0,0,0,0
JD_12718611,2021-02-28,0,0,0,0,0,0,0
JD_12718561,2021-02-28,0,0,0,0,0,0,0
JD_12718557,2021-02-28,0,0,0,0,0,0,0
JD_12718549,2021-02-28,0,0,0,0,0,0,0
JD_12718543,2021-02-28,0,0,0,0,0,0,0
JD_12718527,2021-02-28,0,0,0,0,0,0,0
JD_12718521,2021-02-28,1,1,0,0,0,0,0
JD_12718519,2021-02-28,0,0,0,0,0,0,0
JD_12718511,2021-02-28,0,0,0,0,0,0,0
JD_12718509,2021-02-28,0,0,0,0,0,0,0
JD_12718507,2021-02-28,0,0,0,0,0,0,0
JD_12718505,2021-02-28,0,0,0,0,0,0,0
JD_12718503,2021-02-28,0,0,0,0,0,0,0
JD_12718499,2021-02-28,0,0,0,0,0,0,0
JD_12718497,2021-02-28,0,0,0,0,0,0,0
JD_12718492,2021-02-28,0,0,0,0,0,0,0
JD_12718487,2021-02-28,0,0,0,0,0,0,0
JD_12718484,2021-02-28,0,0,0,0,0,0,0
JD_12718475,2021-02-28,0,0,0,0,0,0,0
JD_12718451,2021-02-28,0,0,0,0,0,0,0
JD_12718417,2021-02-28,0,0,0,0,0,0,0
JD_12718411,2021-02-28,0,0,0,0,0,0,0
JD_12718403,2021-02-28,0,0,0,0,0,0,0
JD_12718389,2021-02-28,0,0,0,0,0,0,0
JD_12718364,2021-02-28,0,0,0,0,0,0,0
JD_12718342,2021-02-28,0,0,0,0,0,0,0
JD_12718332,2021-02-28,0,0,0,0,0,0,0
JD_12718316,2021-02-28,0,0,0,0,0,0,0
JD_12718313,2021-02-28,0,0,0,0,0,0,0
JD_12718311,2021-02-28,0,0,0,0,0,0,0
JD_12718247,2021-02-28,0,0,0,0,0,0,0
JD_12718245,2021-02-28,0,0,0,0,0,0,0
JD_12718221,2021-02-28,0,0,0,0,0,0,0
JD_12718219,2021-02-28,0,0,0,0,0,0,0
JD_12718215,2021-02-28,0,0,0,0,0,0,0
JD_12718197,2021-02-28,0,0,0,0,0,0,0
JD_12718195,2021-02-28,0,0,0,0,0,0,0
JD_12718193,2021-02-28,0,0,0,0,0,0,0
JD_12718164,2021-02-28,0,0,0,0,0,0,0
JD_12718159,2021-02-28,0,0,0,0,0,0,0
JD_12718153,2021-02-28,0,0,0,0,0,0,0
JD_12718140,2021-02-28,0,0,0,0,0,0,0
JD_12718120,2021-02-28,0,0,0,0,0,0,0
JD_12718083,2021-02-28,0,0,0,0,0,0,0
JD_12718081,2021-02-28,0,0,0,0,0,0,0
JD_12718071,2021-02-28,0,0,0,0,0,0,0
JD_12718070,2021-02-28,0,0,0,0,0,0,0
JD_12718059,2021-02-28,0,0,0,0,0,0,0
JD_12718057,2021-02-28,0,0,0,0,0,0,0
JD_12718049,2021-02-28,0,0,0,0,0,0,0
JD_12718036,2021-02-28,0,0,0,0,0,0,0
JD_12718028,2021-02-28,0,0,0,0,0,0,0
JD_12718012,2021-02-28,0,0,0,0,0,0,0
JD_12718000,2021-02-28,0,0,0,0,0,0,0
JD_12717993,2021-02-28,0,0,0,0,0,0,0
JD_12717991,2021-02-28,0,0,0,0,0,0,0
JD_12717978,2021-02-28,0,0,0,0,0,0,0
JD_12717968,2021-02-28,0,0,0,0,0,0,0
JD_12717962,2021-02-28,0,0,0,0,0,0,0
JD_12717955,2021-02-28,0,0,0,0,0,0,0
JD_12717953,2021-02-28,0,0,0,0,0,0,0
JD_12717951,2021-02-28,0,0,0,0,0,0,0
JD_12717949,2021-02-28,0,0,0,0,0,0,0
JD_12717947,2021-02-28,0,0,0,0,0,0,0
JD_12717935,2021-02-28,0,0,0,0,0,0,0
JD_12717933,2021-02-28,0,0,0,0,0,0,0
JD_12717931,2021-02-28,0,0,0,0,0,0,0
JD_12717927,2021-02-28,0,0,0,0,0,0,0
