JD_12880018,2021-02-28,0,0,0,0,0,0,0
JD_12880002,2021-02-28,0,0,0,0,0,0,0
JD_12879994,2021-02-28,0,0,0,0,0,0,0
JD_12879986,2021-02-28,0,0,0,0,0,0,0
JD_12879980,2021-02-28,0,0,0,0,0,0,0
JD_12879978,2021-02-28,0,0,0,0,0,0,0
JD_12879976,2021-02-28,0,0,0,0,0,0,0
JD_12879966,2021-02-28,0,0,0,0,0,0,0
JD_12879960,2021-02-28,0,0,0,0,0,0,0
JD_12879954,2021-02-28,0,0,0,0,0,0,0
JD_12879952,2021-02-28,0,0,0,0,0,0,0
JD_12879946,2021-02-28,0,0,0,0,0,0,0
JD_12879940,2021-02-28,0,0,0,0,0,0,0
JD_12879938,2021-02-28,0,0,0,0,0,0,0
JD_12879936,2021-02-28,0,0,0,0,0,0,0
JD_12879918,2021-02-28,0,0,0,0,0,0,0
JD_12879898,2021-02-28,0,0,0,0,0,0,0
JD_12879864,2021-02-28,0,0,0,0,0,0,0
JD_12879860,2021-02-28,0,0,0,0,0,0,0
JD_12879844,2021-02-28,0,0,0,0,0,0,0
JD_12879842,2021-02-28,0,0,0,0,0,0,0
JD_12824842,2021-02-28,0,0,0,0,0,0,0
JD_12824830,2021-02-28,0,0,0,0,0,0,0
JD_12824826,2021-02-28,0,0,0,0,0,0,0
JD_12824820,2021-02-28,0,0,0,0,0,0,0
JD_12824818,2021-02-28,0,0,0,0,0,0,0
JD_12824816,2021-02-28,0,0,0,0,0,0,0
JD_12824788,2021-02-28,0,0,0,0,0,0,0
JD_12824768,2021-02-28,0,0,0,0,0,0,0
JD_12824764,2021-02-28,0,0,0,0,0,0,0
JD_12824752,2021-02-28,0,0,0,0,0,0,0
JD_12824714,2021-02-28,0,0,0,0,0,0,0
JD_12824712,2021-02-28,0,0,0,0,0,0,0
JD_12824694,2021-02-28,0,0,0,0,0,0,0
JD_12824674,2021-02-28,0,0,0,0,0,0,0
JD_12824652,2021-02-28,0,0,0,0,0,0,0
JD_12824628,2021-02-28,0,0,0,0,0,0,0
JD_12824614,2021-02-28,0,0,0,0,0,0,0
JD_12824606,2021-02-28,0,0,0,0,0,0,0
JD_12824550,2021-02-28,0,0,0,0,0,0,0
JD_12824532,2021-02-28,0,0,0,0,0,0,0
JD_12824480,2021-02-28,0,0,0,0,0,0,0
JD_12824476,2021-02-28,0,0,0,0,0,0,0
JD_12824450,2021-02-28,0,0,0,0,0,0,0
JD_12824262,2021-02-28,0,0,0,0,0,0,0
JD_12824160,2021-02-28,0,0,0,0,0,0,0
JD_12824102,2021-02-28,0,0,0,0,0,0,0
JD_12824068,2021-02-28,1,1,0,0,0,0,0
JD_12824024,2021-02-28,0,0,0,0,0,0,0
JD_12824004,2021-02-28,0,0,0,0,0,0,0
JD_12823968,2021-02-28,0,0,0,0,0,0,0
JD_12823944,2021-02-28,0,0,0,0,0,0,0
JD_12823940,2021-02-28,0,0,0,0,0,0,0
JD_12823936,2021-02-28,0,0,0,0,0,0,0
JD_12823920,2021-02-28,0,0,0,0,0,0,0
JD_12823908,2021-02-28,0,0,0,0,0,0,0
JD_12823900,2021-02-28,0,0,0,0,0,0,0
JD_12823898,2021-02-28,0,0,0,0,0,0,0
JD_12823864,2021-02-28,0,0,0,0,0,0,0
JD_12823840,2021-02-28,0,0,0,0,0,0,0
JD_12823832,2021-02-28,0,0,0,0,0,0,0
JD_12823828,2021-02-28,0,0,0,0,0,0,0
JD_12823820,2021-02-28,0,0,0,0,0,0,0
JD_12823810,2021-02-28,0,0,0,0,0,0,0
JD_12823802,2021-02-28,0,0,0,0,0,0,0
JD_12823794,2021-02-28,0,0,0,0,0,0,0
JD_12823790,2021-02-28,0,0,0,0,0,0,0
JD_12823788,2021-02-28,0,0,0,0,0,0,0
JD_12823786,2021-02-28,0,0,0,0,0,0,0
JD_12823782,2021-02-28,0,0,0,0,0,0,0
