JD_12933698,2021-02-28,0,0,0,0,0,0,0
JD_12933386,2021-02-28,0,0,0,0,0,0,0
JD_12933384,2021-02-28,0,0,0,0,0,0,0
JD_12933330,2021-02-28,0,0,0,0,0,0,0
JD_12933328,2021-02-28,0,0,0,0,0,0,0
JD_12933322,2021-02-28,0,0,0,0,0,0,0
JD_12933306,2021-02-28,0,0,0,0,0,0,0
JD_12933286,2021-02-28,0,0,0,0,0,0,0
JD_12933218,2021-02-28,0,0,0,0,0,0,0
JD_12933204,2021-02-28,0,0,0,0,0,0,0
JD_12933186,2021-02-28,0,0,0,0,0,0,0
JD_12933168,2021-02-28,0,0,0,0,0,0,0
JD_12933092,2021-02-28,0,0,0,0,0,0,0
JD_12933044,2021-02-28,0,0,0,0,0,0,0
JD_12933040,2021-02-28,0,0,0,0,0,0,0
JD_12933022,2021-02-28,0,0,0,0,0,0,0
JD_12933002,2021-02-28,0,0,0,0,0,0,0
JD_12932996,2021-02-28,0,0,0,0,0,0,0
JD_12932990,2021-02-28,0,0,0,0,0,0,0
JD_12932962,2021-02-28,0,0,0,0,0,0,0
JD_12932960,2021-02-28,0,0,0,0,0,0,0
JD_12932944,2021-02-28,0,0,0,0,0,0,0
JD_12932940,2021-02-28,0,0,0,0,0,0,0
JD_12932924,2021-02-28,0,0,0,0,0,0,0
JD_12932916,2021-02-28,0,0,0,0,0,0,0
JD_12932852,2021-02-28,0,0,0,0,0,0,0
JD_12932822,2021-02-28,0,0,0,0,0,0,0
JD_12932820,2021-02-28,0,0,0,0,0,0,0
JD_12932798,2021-02-28,0,0,0,0,0,0,0
JD_12932738,2021-02-28,0,0,0,0,0,0,0
JD_12932712,2021-02-28,0,0,0,0,0,0,0
JD_12932710,2021-02-28,0,0,0,0,0,0,0
JD_12932564,2021-02-28,0,0,0,0,0,0,0
JD_12932560,2021-02-28,0,0,0,0,0,0,0
JD_12932390,2021-02-28,0,0,0,0,0,0,0
JD_12932288,2021-02-28,0,0,0,0,0,0,0
JD_12932252,2021-02-28,0,0,0,0,0,0,0
JD_12932196,2021-02-28,0,0,0,0,0,0,0
JD_12932166,2021-02-28,0,0,0,0,0,0,0
JD_12932164,2021-02-28,0,0,0,0,0,0,0
JD_12932158,2021-02-28,0,0,0,0,0,0,0
JD_12932082,2021-02-28,0,0,0,0,0,0,0
JD_12932080,2021-02-28,0,0,0,0,0,0,0
JD_12932066,2021-02-28,0,0,0,0,0,0,0
JD_12932048,2021-02-28,0,0,0,0,0,0,0
JD_12931938,2021-02-28,0,0,0,0,0,0,0
JD_12931936,2021-02-28,0,0,0,0,0,0,0
JD_12931934,2021-02-28,0,0,0,0,0,0,0
JD_12931814,2021-02-28,0,0,0,0,0,0,0
JD_12931810,2021-02-28,1,1,0,0,0,0,0
JD_12931720,2021-02-28,0,0,0,0,0,0,0
JD_12931714,2021-02-28,0,0,0,0,0,0,0
JD_12931710,2021-02-28,0,0,0,0,0,0,0
JD_12931684,2021-02-28,0,0,0,0,0,0,0
JD_12931676,2021-02-28,0,0,0,0,0,0,0
JD_12931674,2021-02-28,0,0,0,0,0,0,0
JD_12931648,2021-02-28,0,0,0,0,0,0,0
JD_12931638,2021-02-28,0,0,0,0,0,0,0
JD_12931612,2021-02-28,0,0,0,0,0,0,0
JD_12931590,2021-02-28,0,0,0,0,0,0,0
JD_12931584,2021-02-28,0,0,0,0,0,0,0
JD_12931554,2021-02-28,0,0,0,0,0,0,0
JD_12931544,2021-02-28,0,0,0,0,0,0,0
JD_12931522,2021-02-28,0,0,0,0,0,0,0
JD_12931510,2021-02-28,0,0,0,0,0,0,0
JD_12931462,2021-02-28,0,0,0,0,0,0,0
JD_12931458,2021-02-28,0,0,0,0,0,0,0
JD_12931398,2021-02-28,0,0,0,0,0,0,0
JD_12931392,2021-02-28,0,0,0,0,0,0,0
JD_12931332,2021-02-28,0,0,0,0,0,0,0
