JD_12653001,2021-02-28,0,0,0,0,0,0,0
JD_12652995,2021-02-28,0,0,0,0,0,0,0
JD_12652977,2021-02-28,0,0,0,0,0,0,0
JD_12652973,2021-02-28,0,0,0,0,0,0,0
JD_12652965,2021-02-28,0,0,0,0,0,0,0
JD_12652946,2021-02-28,0,0,0,0,0,0,0
JD_12652944,2021-02-28,0,0,0,0,0,0,0
JD_12652932,2021-02-28,0,0,0,0,0,0,0
JD_12652928,2021-02-28,0,0,0,0,0,0,0
JD_12652912,2021-02-28,0,0,0,0,0,0,0
JD_12652908,2021-02-28,0,0,0,0,0,0,0
JD_12652896,2021-02-28,0,0,0,0,0,0,0
JD_12652881,2021-02-28,0,0,0,0,0,0,0
JD_12652842,2021-02-28,0,0,0,0,0,0,0
JD_12652822,2021-02-28,0,0,0,0,0,0,0
JD_12652806,2021-02-28,0,0,0,0,0,0,0
JD_12652750,2021-02-28,0,0,0,0,0,0,0
JD_12652740,2021-02-28,0,0,0,0,0,0,0
JD_12652718,2021-02-28,0,0,0,0,0,0,0
JD_12652688,2021-02-28,0,0,0,0,0,0,0
JD_12652687,2021-02-28,0,0,0,0,0,0,0
JD_12652683,2021-02-28,0,0,0,0,0,0,0
JD_12652662,2021-02-28,0,0,0,0,0,0,0
JD_12652661,2021-02-28,0,0,0,0,0,0,0
JD_12652659,2021-02-28,0,0,0,0,0,0,0
JD_12652657,2021-02-28,0,0,0,0,0,0,0
JD_12652655,2021-02-28,0,0,0,0,0,0,0
JD_12652649,2021-02-28,0,0,0,0,0,0,0
JD_12652646,2021-02-28,0,0,0,0,0,0,0
JD_12652641,2021-02-28,0,0,0,0,0,0,0
JD_12652632,2021-02-28,0,0,0,0,0,0,0
JD_12652622,2021-02-28,0,0,0,0,0,0,0
JD_12652615,2021-02-28,0,0,0,0,0,0,0
JD_12652609,2021-02-28,0,0,0,0,0,0,0
JD_12652602,2021-02-28,0,0,0,0,0,0,0
JD_12652585,2021-02-28,0,0,0,0,0,0,0
JD_12652574,2021-02-28,0,0,0,0,0,0,0
JD_12652560,2021-02-28,0,0,0,0,0,0,0
JD_12652556,2021-02-28,0,0,0,0,0,0,0
JD_12652549,2021-02-28,0,0,0,0,0,0,0
JD_12652543,2021-02-28,0,0,0,0,0,0,0
JD_12652524,2021-02-28,0,0,0,0,0,0,0
JD_12652522,2021-02-28,0,0,0,0,0,0,0
JD_12652514,2021-02-28,0,0,0,0,0,0,0
JD_12652512,2021-02-28,0,0,0,0,0,0,0
JD_12652500,2021-02-28,0,0,0,0,0,0,0
JD_12652499,2021-02-28,0,0,0,0,0,0,0
JD_12652471,2021-02-28,0,0,0,0,0,0,0
JD_12652375,2021-02-28,0,0,0,0,0,0,0
JD_12652364,2021-02-28,0,0,0,0,0,0,0
JD_12652352,2021-02-28,0,0,0,0,0,0,0
JD_12652350,2021-02-28,0,0,0,0,0,0,0
JD_12652335,2021-02-28,0,0,0,0,0,0,0
JD_12652316,2021-02-28,0,0,0,0,0,0,0
JD_12652305,2021-02-28,0,0,0,0,0,0,0
JD_12652303,2021-02-28,0,0,0,0,0,0,0
JD_12652285,2021-02-28,0,0,0,0,0,0,0
JD_12652259,2021-02-28,0,0,0,0,0,0,0
JD_12652256,2021-02-28,0,0,0,0,0,0,0
JD_12652255,2021-02-28,0,0,0,0,0,0,0
JD_12652185,2021-02-28,0,0,0,0,0,0,0
JD_12652143,2021-02-28,0,0,0,0,0,0,0
JD_12652121,2021-02-28,0,0,0,0,0,0,0
JD_12652099,2021-02-28,0,0,0,0,0,0,0
JD_12652097,2021-02-28,0,0,0,0,0,0,0
JD_12652094,2021-02-28,0,0,0,0,0,0,0
JD_12652074,2021-02-28,0,0,0,0,0,0,0
JD_12652055,2021-02-28,0,0,0,0,0,0,0
JD_12652051,2021-02-28,0,0,0,0,0,0,0
JD_12652035,2021-02-28,0,0,0,0,0,0,0
