JD_12576157,2021-02-28,0,0,0,0,0,0,0
JD_12576145,2021-02-28,0,0,0,0,0,0,0
JD_12576143,2021-02-28,0,0,0,0,0,0,0
JD_12576139,2021-02-28,0,0,0,0,0,0,0
JD_12576131,2021-02-28,0,0,0,0,0,0,0
JD_12576129,2021-02-28,0,0,0,0,0,0,0
JD_12576127,2021-02-28,0,0,0,0,0,0,0
JD_12576123,2021-02-28,0,0,0,0,0,0,0
JD_12576119,2021-02-28,0,0,0,0,0,0,0
JD_12576115,2021-02-28,0,0,0,0,0,0,0
JD_12576113,2021-02-28,0,0,0,0,0,0,0
JD_12576111,2021-02-28,0,0,0,0,0,0,0
JD_12576089,2021-02-28,0,0,0,0,0,0,0
JD_12576078,2021-02-28,0,0,0,0,0,0,0
JD_12576051,2021-02-28,0,0,0,0,0,0,0
JD_12575982,2021-02-28,0,0,0,0,0,0,0
JD_12575965,2021-02-28,0,0,0,0,0,0,0
JD_12575937,2021-02-28,0,0,0,0,0,0,0
JD_12575864,2021-02-28,0,0,0,0,0,0,0
JD_12575858,2021-02-28,0,0,0,0,0,0,0
JD_12575853,2021-02-28,0,0,0,0,0,0,0
JD_12575823,2021-02-28,0,0,0,0,0,0,0
JD_12575811,2021-02-28,0,0,0,0,0,0,0
JD_12575801,2021-02-28,0,0,0,0,0,0,0
JD_12575784,2021-02-28,0,0,0,0,0,0,0
JD_12575782,2021-02-28,0,0,0,0,0,0,0
JD_12575768,2021-02-28,0,0,0,0,0,0,0
JD_12575764,2021-02-28,0,0,0,0,0,0,0
JD_12575759,2021-02-28,0,0,0,0,0,0,0
JD_12575733,2021-02-28,0,0,0,0,0,0,0
JD_12575728,2021-02-28,0,0,0,0,0,0,0
JD_12575685,2021-02-28,0,0,0,0,0,0,0
JD_12575681,2021-02-28,0,0,0,0,0,0,0
JD_12575654,2021-02-28,0,0,0,0,0,0,0
JD_12575640,2021-02-28,0,0,0,0,0,0,0
JD_12575637,2021-02-28,0,0,0,0,0,0,0
JD_12575636,2021-02-28,0,0,0,0,0,0,0
JD_12575620,2021-02-28,0,0,0,0,0,0,0
JD_12575618,2021-02-28,0,0,0,0,0,0,0
JD_12575607,2021-02-28,0,0,0,0,0,0,0
JD_12575605,2021-02-28,0,0,0,0,0,0,0
JD_12575595,2021-02-28,0,0,0,0,0,0,0
JD_12575591,2021-02-28,0,0,0,0,0,0,0
JD_12575589,2021-02-28,0,0,0,0,0,0,0
JD_12575584,2021-02-28,0,0,0,0,0,0,0
JD_12575583,2021-02-28,0,0,0,0,0,0,0
JD_12575559,2021-02-28,0,0,0,0,0,0,0
JD_12575551,2021-02-28,0,0,0,0,0,0,0
JD_12575547,2021-02-28,0,0,0,0,0,0,0
JD_12575463,2021-02-28,0,0,0,0,0,0,0
JD_12575430,2021-02-28,0,0,0,0,0,0,0
JD_12575374,2021-02-28,0,0,0,0,0,0,0
JD_12575363,2021-02-28,0,0,0,0,0,0,0
JD_12575315,2021-02-28,0,0,0,0,0,0,0
JD_12575297,2021-02-28,0,0,0,0,0,0,0
JD_12575295,2021-02-28,0,0,0,0,0,0,0
JD_12575271,2021-02-28,0,0,0,0,0,0,0
JD_12575267,2021-02-28,0,0,0,0,0,0,0
JD_12575204,2021-02-28,0,0,0,0,0,0,0
JD_12575196,2021-02-28,0,0,0,0,0,0,0
JD_12575192,2021-02-28,0,0,0,0,0,0,0
JD_12575129,2021-02-28,0,0,0,0,0,0,0
JD_12575043,2021-02-28,0,0,0,0,0,0,0
JD_12575040,2021-02-28,0,0,0,0,0,0,0
JD_12575037,2021-02-28,0,0,0,0,0,0,0
JD_12574940,2021-02-28,0,0,0,0,0,0,0
JD_12574925,2021-02-28,0,0,0,0,0,0,0
JD_12574915,2021-02-28,0,0,0,0,0,0,0
JD_12574908,2021-02-28,0,0,0,0,0,0,0
JD_12574894,2021-02-28,0,0,0,0,0,0,0
