JD_12789047,2021-02-28,0,0,0,0,0,0,0
JD_12789045,2021-02-28,0,0,0,0,0,0,0
JD_12789044,2021-02-28,0,0,0,0,0,0,0
JD_12789043,2021-02-28,0,0,0,0,0,0,0
JD_12789041,2021-02-28,0,0,0,0,0,0,0
JD_12789039,2021-02-28,0,0,0,0,0,0,0
JD_12789037,2021-02-28,0,0,0,0,0,0,0
JD_12789035,2021-02-28,0,0,0,0,0,0,0
JD_12789033,2021-02-28,0,0,0,0,0,0,0
JD_12789031,2021-02-28,0,0,0,0,0,0,0
JD_12789029,2021-02-28,0,0,0,0,0,0,0
JD_12789027,2021-02-28,1,1,0,0,0,0,0
JD_12789025,2021-02-28,0,0,0,0,0,0,0
JD_12789021,2021-02-28,0,0,0,0,0,0,0
JD_12789013,2021-02-28,0,0,0,0,0,0,0
JD_12789009,2021-02-28,0,0,0,0,0,0,0
JD_12789007,2021-02-28,0,0,0,0,0,0,0
JD_12789005,2021-02-28,0,0,0,0,0,0,0
JD_12789001,2021-02-28,0,0,0,0,0,0,0
JD_12788998,2021-02-28,0,0,0,0,0,0,0
JD_12788993,2021-02-28,1,1,0,0,0,0,0
JD_12788459,2021-02-28,0,0,0,0,0,0,0
JD_12788450,2021-02-28,0,0,0,0,0,0,0
JD_12788445,2021-02-28,0,0,0,0,0,0,0
JD_12788439,2021-02-28,0,0,0,0,0,0,0
JD_12788434,2021-02-28,0,0,0,0,0,0,0
JD_12788431,2021-02-28,1,1,0,0,0,0,0
JD_12788404,2021-02-28,0,0,0,0,0,0,0
JD_12788395,2021-02-28,0,0,0,0,0,0,0
JD_12788394,2021-02-28,0,0,0,0,0,0,0
JD_12788385,2021-02-28,1,1,0,0,0,0,0
JD_12788383,2021-02-28,0,0,0,0,0,0,0
JD_12788381,2021-02-28,0,0,0,0,0,0,0
JD_12788379,2021-02-28,0,0,0,0,0,0,0
JD_12788377,2021-02-28,0,0,0,0,0,0,0
JD_12788375,2021-02-28,0,0,0,0,0,0,0
JD_12788371,2021-02-28,0,0,0,0,0,0,0
JD_12788369,2021-02-28,0,0,0,0,0,0,0
JD_12788367,2021-02-28,0,0,0,0,0,0,0
JD_12788365,2021-02-28,0,0,0,0,0,0,0
JD_12788363,2021-02-28,0,0,0,0,0,0,0
JD_12788361,2021-02-28,0,0,0,0,0,0,0
JD_12788359,2021-02-28,0,0,0,0,0,0,0
JD_12788355,2021-02-28,0,0,0,0,0,0,0
JD_12788351,2021-02-28,0,0,0,0,0,0,0
JD_12788345,2021-02-28,0,0,0,0,0,0,0
JD_12788337,2021-02-28,0,0,0,0,0,0,0
JD_12788335,2021-02-28,0,0,0,0,0,0,0
JD_12788329,2021-02-28,0,0,0,0,0,0,0
JD_12788323,2021-02-28,0,0,0,0,0,0,0
JD_12788307,2021-02-28,0,0,0,0,0,0,0
JD_12788301,2021-02-28,1,1,0,0,0,0,0
JD_12788293,2021-02-28,0,0,0,0,0,0,0
JD_12788287,2021-02-28,0,0,0,0,0,0,0
JD_12788285,2021-02-28,0,0,0,0,0,0,0
JD_12788279,2021-02-28,1,1,0,0,0,0,0
JD_12788273,2021-02-28,0,0,0,0,0,0,0
JD_12788271,2021-02-28,0,0,0,0,0,0,0
JD_12788269,2021-02-28,0,0,0,0,0,0,0
JD_12788267,2021-02-28,0,0,0,0,0,0,0
JD_12788265,2021-02-28,0,0,0,0,0,0,0
JD_12788261,2021-02-28,0,0,0,0,0,0,0
JD_12788237,2021-02-28,0,0,0,0,0,0,0
JD_12788233,2021-02-28,0,0,0,0,0,0,0
JD_12788199,2021-02-28,0,0,0,0,0,0,0
JD_12788195,2021-02-28,0,0,0,0,0,0,0
JD_12788193,2021-02-28,0,0,0,0,0,0,0
JD_12788191,2021-02-28,0,0,0,0,0,0,0
JD_12788185,2021-02-28,0,0,0,0,0,0,0
JD_12788183,2021-02-28,0,0,0,0,0,0,0
