JD_12648843,2021-02-28,0,0,0,0,0,0,0
JD_12648815,2021-02-28,0,0,0,0,0,0,0
JD_12648814,2021-02-28,0,0,0,0,0,0,0
JD_12648813,2021-02-28,0,0,0,0,0,0,0
JD_12648728,2021-02-28,0,0,0,0,0,0,0
JD_12648718,2021-02-28,0,0,0,0,0,0,0
JD_12648711,2021-02-28,0,0,0,0,0,0,0
JD_12648660,2021-02-28,0,0,0,0,0,0,0
JD_12648640,2021-02-28,0,0,0,0,0,0,0
JD_12648566,2021-02-28,0,0,0,0,0,0,0
JD_12648559,2021-02-28,0,0,0,0,0,0,0
JD_12648548,2021-02-28,0,0,0,0,0,0,0
JD_12648505,2021-02-28,0,0,0,0,0,0,0
JD_12648462,2021-02-28,0,0,0,0,0,0,0
JD_12648456,2021-02-28,0,0,0,0,0,0,0
JD_12648451,2021-02-28,0,0,0,0,0,0,0
JD_12648449,2021-02-28,0,0,0,0,0,0,0
JD_12648447,2021-02-28,0,0,0,0,0,0,0
JD_12648394,2021-02-28,0,0,0,0,0,0,0
JD_12648391,2021-02-28,0,0,0,0,0,0,0
JD_12648306,2021-02-28,0,0,0,0,0,0,0
JD_12648231,2021-02-28,0,0,0,0,0,0,0
JD_12648219,2021-02-28,0,0,0,0,0,0,0
JD_12648217,2021-02-28,0,0,0,0,0,0,0
JD_12648216,2021-02-28,0,0,0,0,0,0,0
JD_12648212,2021-02-28,0,0,0,0,0,0,0
JD_12648210,2021-02-28,0,0,0,0,0,0,0
JD_12648155,2021-02-28,0,0,0,0,0,0,0
JD_12648149,2021-02-28,0,0,0,0,0,0,0
JD_12648147,2021-02-28,0,0,0,0,0,0,0
JD_12648128,2021-02-28,0,0,0,0,0,0,0
JD_12648063,2021-02-28,0,0,0,0,0,0,0
JD_12648054,2021-02-28,0,0,0,0,0,0,0
JD_12648034,2021-02-28,0,0,0,0,0,0,0
JD_12648027,2021-02-28,0,0,0,0,0,0,0
JD_12648013,2021-02-28,0,0,0,0,0,0,0
JD_12648011,2021-02-28,0,0,0,0,0,0,0
JD_12648005,2021-02-28,0,0,0,0,0,0,0
JD_12647995,2021-02-28,0,0,0,0,0,0,0
JD_12647971,2021-02-28,0,0,0,0,0,0,0
JD_12647963,2021-02-28,0,0,0,0,0,0,0
JD_12647959,2021-02-28,0,0,0,0,0,0,0
JD_12647947,2021-02-28,0,0,0,0,0,0,0
JD_12647943,2021-02-28,0,0,0,0,0,0,0
JD_12647908,2021-02-28,0,0,0,0,0,0,0
JD_12647906,2021-02-28,0,0,0,0,0,0,0
JD_12647881,2021-02-28,0,0,0,0,0,0,0
JD_12647877,2021-02-28,0,0,0,0,0,0,0
JD_12647873,2021-02-28,0,0,0,0,0,0,0
JD_12647857,2021-02-28,0,0,0,0,0,0,0
JD_12647819,2021-02-28,0,0,0,0,0,0,0
JD_12647755,2021-02-28,0,0,0,0,0,0,0
JD_12647717,2021-02-28,0,0,0,0,0,0,0
JD_12647701,2021-02-28,0,0,0,0,0,0,0
JD_12647621,2021-02-28,0,0,0,0,0,0,0
JD_12647591,2021-02-28,0,0,0,0,0,0,0
JD_12647515,2021-02-28,0,0,0,0,0,0,0
JD_12647509,2021-02-28,0,0,0,0,0,0,0
JD_12647507,2021-02-28,0,0,0,0,0,0,0
JD_12647501,2021-02-28,0,0,0,0,0,0,0
JD_12647498,2021-02-28,0,0,0,0,0,0,0
JD_12647492,2021-02-28,0,0,0,0,0,0,0
JD_12647485,2021-02-28,0,0,0,0,0,0,0
JD_12647479,2021-02-28,0,0,0,0,0,0,0
JD_12647467,2021-02-28,0,0,0,0,0,0,0
JD_12647461,2021-02-28,0,0,0,0,0,0,0
JD_12647433,2021-02-28,0,0,0,0,0,0,0
JD_12647431,2021-02-28,0,0,0,0,0,0,0
JD_12647423,2021-02-28,0,0,0,0,0,0,0
JD_12647414,2021-02-28,0,0,0,0,0,0,0
