JD_12938630,2021-02-28,0,0,0,0,0,0,0
JD_12938622,2021-02-28,0,0,0,0,0,0,0
JD_12938620,2021-02-28,0,0,0,0,0,0,0
JD_12937898,2021-02-28,0,0,0,0,0,0,0
JD_12937896,2021-02-28,0,0,0,0,0,0,0
JD_12937868,2021-02-28,0,0,0,0,0,0,0
JD_12937862,2021-02-28,0,0,0,0,0,0,0
JD_12937860,2021-02-28,0,0,0,0,0,0,0
JD_12937858,2021-02-28,0,0,0,0,0,0,0
JD_12937850,2021-02-28,0,0,0,0,0,0,0
JD_12937848,2021-02-28,0,0,0,0,0,0,0
JD_12937838,2021-02-28,0,0,0,0,0,0,0
JD_12937836,2021-02-28,0,0,0,0,0,0,0
JD_12937798,2021-02-28,0,0,0,0,0,0,0
JD_12937782,2021-02-28,0,0,0,0,0,0,0
JD_12937696,2021-02-28,0,0,0,0,0,0,0
JD_12937690,2021-02-28,0,0,0,0,0,0,0
JD_12937628,2021-02-28,0,0,0,0,0,0,0
JD_12937610,2021-02-28,0,0,0,0,0,0,0
JD_12937596,2021-02-28,0,0,0,0,0,0,0
JD_12937566,2021-02-28,0,0,0,0,0,0,0
JD_12935946,2021-02-28,0,0,0,0,0,0,0
JD_12935936,2021-02-28,0,0,0,0,0,0,0
JD_12935914,2021-02-28,0,0,0,0,0,0,0
JD_12935892,2021-02-28,0,0,0,0,0,0,0
JD_12935878,2021-02-28,0,0,0,0,0,0,0
JD_12935842,2021-02-28,0,0,0,0,0,0,0
JD_12935822,2021-02-28,0,0,0,0,0,0,0
JD_12935786,2021-02-28,0,0,0,0,0,0,0
JD_12935752,2021-02-28,0,0,0,0,0,0,0
JD_12935736,2021-02-28,0,0,0,0,0,0,0
JD_12935568,2021-02-28,0,0,0,0,0,0,0
JD_12935566,2021-02-28,0,0,0,0,0,0,0
JD_12935564,2021-02-28,0,0,0,0,0,0,0
JD_12935560,2021-02-28,0,0,0,0,0,0,0
JD_12935542,2021-02-28,0,0,0,0,0,0,0
JD_12935538,2021-02-28,0,0,0,0,0,0,0
JD_12935534,2021-02-28,0,0,0,0,0,0,0
JD_12935528,2021-02-28,0,0,0,0,0,0,0
JD_12935524,2021-02-28,0,0,0,0,0,0,0
JD_12935520,2021-02-28,0,0,0,0,0,0,0
JD_12935510,2021-02-28,0,0,0,0,0,0,0
JD_12935508,2021-02-28,0,0,0,0,0,0,0
JD_12935506,2021-02-28,0,0,0,0,0,0,0
JD_12935484,2021-02-28,0,0,0,0,0,0,0
JD_12935476,2021-02-28,0,0,0,0,0,0,0
JD_12935452,2021-02-28,0,0,0,0,0,0,0
JD_12935450,2021-02-28,0,0,0,0,0,0,0
JD_12935444,2021-02-28,0,0,0,0,0,0,0
JD_12935430,2021-02-28,0,0,0,0,0,0,0
JD_12935410,2021-02-28,0,0,0,0,0,0,0
JD_12935388,2021-02-28,0,0,0,0,0,0,0
JD_12935358,2021-02-28,0,0,0,0,0,0,0
JD_12935314,2021-02-28,0,0,0,0,0,0,0
JD_12935246,2021-02-28,0,0,0,0,0,0,0
JD_12935240,2021-02-28,0,0,0,0,0,0,0
JD_12935234,2021-02-28,0,0,0,0,0,0,0
JD_12935226,2021-02-28,0,0,0,0,0,0,0
JD_12935224,2021-02-28,0,0,0,0,0,0,0
JD_12935214,2021-02-28,0,0,0,0,0,0,0
JD_12935210,2021-02-28,0,0,0,0,0,0,0
JD_12935208,2021-02-28,0,0,0,0,0,0,0
JD_12935206,2021-02-28,0,0,0,0,0,0,0
JD_12935204,2021-02-28,0,0,0,0,0,0,0
JD_12935192,2021-02-28,0,0,0,0,0,0,0
JD_12935164,2021-02-28,0,0,0,0,0,0,0
JD_12935162,2021-02-28,0,0,0,0,0,0,0
JD_12935088,2021-02-28,0,0,0,0,0,0,0
JD_12935072,2021-02-28,0,0,0,0,0,0,0
JD_12935070,2021-02-28,0,0,0,0,0,0,0
