JD_13082084,2021-02-28,0,0,0,0,0,0,0
JD_13082082,2021-02-28,0,0,0,0,0,0,0
JD_13082080,2021-02-28,0,0,0,0,0,0,0
JD_13082074,2021-02-28,0,0,0,0,0,0,0
JD_13082072,2021-02-28,0,0,0,0,0,0,0
JD_13082070,2021-02-28,0,0,0,0,0,0,0
JD_13082068,2021-02-28,0,0,0,0,0,0,0
JD_13082066,2021-02-28,1,1,0,0,0,0,0
JD_13082064,2021-02-28,0,0,0,0,0,0,0
JD_13082062,2021-02-28,0,0,0,0,0,0,0
JD_13082058,2021-02-28,1,1,0,0,0,0,0
JD_13082056,2021-02-28,0,0,0,0,0,0,0
JD_13082054,2021-02-28,0,0,0,0,0,0,0
JD_13082046,2021-02-28,0,0,0,0,0,0,0
JD_13082044,2021-02-28,0,0,0,0,0,0,0
JD_13082040,2021-02-28,0,0,0,0,0,0,0
JD_13082038,2021-02-28,1,1,0,0,0,0,0
JD_13082034,2021-02-28,0,0,0,0,0,0,0
