JD_12746032,2021-02-28,0,0,0,0,0,0,0
JD_12746027,2021-02-28,0,0,0,0,0,0,0
JD_12746014,2021-02-28,0,0,0,0,0,0,0
JD_12745975,2021-02-28,0,0,0,0,0,0,0
JD_12745961,2021-02-28,0,0,0,0,0,0,0
JD_12745955,2021-02-28,0,0,0,0,0,0,0
JD_12745935,2021-02-28,0,0,0,0,0,0,0
JD_12745933,2021-02-28,0,0,0,0,0,0,0
JD_12745927,2021-02-28,0,0,0,0,0,0,0
JD_12745919,2021-02-28,0,0,0,0,0,0,0
JD_12745913,2021-02-28,0,0,0,0,0,0,0
JD_12745902,2021-02-28,0,0,0,0,0,0,0
JD_12745895,2021-02-28,0,0,0,0,0,0,0
JD_12745893,2021-02-28,0,0,0,0,0,0,0
JD_12745891,2021-02-28,0,0,0,0,0,0,0
JD_12745890,2021-02-28,0,0,0,0,0,0,0
JD_12745883,2021-02-28,0,0,0,0,0,0,0
JD_12745882,2021-02-28,0,0,0,0,0,0,0
JD_12745880,2021-02-28,0,0,0,0,0,0,0
JD_12745864,2021-02-28,0,0,0,0,0,0,0
JD_12745860,2021-02-28,0,0,0,0,0,0,0
JD_12745858,2021-02-28,0,0,0,0,0,0,0
JD_12745853,2021-02-28,0,0,0,0,0,0,0
JD_12745851,2021-02-28,0,0,0,0,0,0,0
JD_12745840,2021-02-28,0,0,0,0,0,0,0
JD_12745832,2021-02-28,0,0,0,0,0,0,0
JD_12745827,2021-02-28,0,0,0,0,0,0,0
JD_12745824,2021-02-28,0,0,0,0,0,0,0
JD_12745820,2021-02-28,0,0,0,0,0,0,0
JD_12745818,2021-02-28,0,0,0,0,0,0,0
JD_12745817,2021-02-28,0,0,0,0,0,0,0
JD_12745812,2021-02-28,0,0,0,0,0,0,0
JD_12745810,2021-02-28,0,0,0,0,0,0,0
JD_12745807,2021-02-28,0,0,0,0,0,0,0
JD_12745803,2021-02-28,0,0,0,0,0,0,0
JD_12745799,2021-02-28,0,0,0,0,0,0,0
JD_12745795,2021-02-28,0,0,0,0,0,0,0
JD_12745793,2021-02-28,0,0,0,0,0,0,0
JD_12745789,2021-02-28,0,0,0,0,0,0,0
JD_12745788,2021-02-28,0,0,0,0,0,0,0
JD_12745782,2021-02-28,0,0,0,0,0,0,0
JD_12745779,2021-02-28,0,0,0,0,0,0,0
JD_12745778,2021-02-28,0,0,0,0,0,0,0
JD_12745776,2021-02-28,0,0,0,0,0,0,0
JD_12745775,2021-02-28,0,0,0,0,0,0,0
JD_12745764,2021-02-28,0,0,0,0,0,0,0
JD_12745763,2021-02-28,0,0,0,0,0,0,0
JD_12745739,2021-02-28,0,0,0,0,0,0,0
JD_12745738,2021-02-28,0,0,0,0,0,0,0
JD_12745729,2021-02-28,0,0,0,0,0,0,0
JD_12745719,2021-02-28,0,0,0,0,0,0,0
JD_12745715,2021-02-28,0,0,0,0,0,0,0
JD_12745710,2021-02-28,0,0,0,0,0,0,0
JD_12745708,2021-02-28,0,0,0,0,0,0,0
JD_12745701,2021-02-28,0,0,0,0,0,0,0
JD_12745700,2021-02-28,0,0,0,0,0,0,0
JD_12745697,2021-02-28,0,0,0,0,0,0,0
JD_12745696,2021-02-28,0,0,0,0,0,0,0
JD_12745694,2021-02-28,0,0,0,0,0,0,0
JD_12745692,2021-02-28,0,0,0,0,0,0,0
JD_12745688,2021-02-28,0,0,0,0,0,0,0
JD_12745687,2021-02-28,0,0,0,0,0,0,0
JD_12745673,2021-02-28,0,0,0,0,0,0,0
JD_12745663,2021-02-28,0,0,0,0,0,0,0
JD_12745662,2021-02-28,0,0,0,0,0,0,0
JD_12745659,2021-02-28,0,0,0,0,0,0,0
JD_12745654,2021-02-28,0,0,0,0,0,0,0
JD_12745646,2021-02-28,0,0,0,0,0,0,0
JD_12745645,2021-02-28,0,0,0,0,0,0,0
JD_12745637,2021-02-28,0,0,0,0,0,0,0
