JD_12713114,2021-02-28,0,0,0,0,0,0,0
JD_12713113,2021-02-28,0,0,0,0,0,0,0
JD_12713112,2021-02-28,0,0,0,0,0,0,0
JD_12713099,2021-02-28,0,0,0,0,0,0,0
JD_12713098,2021-02-28,0,0,0,0,0,0,0
JD_12713094,2021-02-28,0,0,0,0,0,0,0
JD_12713055,2021-02-28,0,0,0,0,0,0,0
JD_12713015,2021-02-28,0,0,0,0,0,0,0
JD_12713005,2021-02-28,0,0,0,0,0,0,0
JD_12712997,2021-02-28,0,0,0,0,0,0,0
JD_12712973,2021-02-28,0,0,0,0,0,0,0
JD_12712970,2021-02-28,0,0,0,0,0,0,0
JD_12712967,2021-02-28,0,0,0,0,0,0,0
JD_12712932,2021-02-28,0,0,0,0,0,0,0
JD_12712930,2021-02-28,0,0,0,0,0,0,0
JD_12712902,2021-02-28,0,0,0,0,0,0,0
JD_12712890,2021-02-28,0,0,0,0,0,0,0
JD_12712879,2021-02-28,0,0,0,0,0,0,0
JD_12712876,2021-02-28,0,0,0,0,0,0,0
JD_12712874,2021-02-28,0,0,0,0,0,0,0
JD_12712839,2021-02-28,0,0,0,0,0,0,0
JD_12712828,2021-02-28,0,0,0,0,0,0,0
JD_12712823,2021-02-28,0,0,0,0,0,0,0
JD_12712819,2021-02-28,0,0,0,0,0,0,0
JD_12712817,2021-02-28,0,0,0,0,0,0,0
JD_12712816,2021-02-28,0,0,0,0,0,0,0
JD_12712814,2021-02-28,0,0,0,0,0,0,0
JD_12712813,2021-02-28,0,0,0,0,0,0,0
JD_12712811,2021-02-28,0,0,0,0,0,0,0
JD_12712809,2021-02-28,0,0,0,0,0,0,0
JD_12712807,2021-02-28,0,0,0,0,0,0,0
JD_12712805,2021-02-28,0,0,0,0,0,0,0
JD_12712803,2021-02-28,0,0,0,0,0,0,0
JD_12712801,2021-02-28,0,0,0,0,0,0,0
JD_12712799,2021-02-28,0,0,0,0,0,0,0
JD_12712797,2021-02-28,0,0,0,0,0,0,0
JD_12712795,2021-02-28,0,0,0,0,0,0,0
JD_12712793,2021-02-28,0,0,0,0,0,0,0
JD_12712791,2021-02-28,0,0,0,0,0,0,0
JD_12712789,2021-02-28,0,0,0,0,0,0,0
JD_12712783,2021-02-28,0,0,0,0,0,0,0
JD_12712771,2021-02-28,0,0,0,0,0,0,0
JD_12712766,2021-02-28,0,0,0,0,0,0,0
JD_12712763,2021-02-28,0,0,0,0,0,0,0
JD_12712761,2021-02-28,0,0,0,0,0,0,0
JD_12712759,2021-02-28,0,0,0,0,0,0,0
JD_12712757,2021-02-28,0,0,0,0,0,0,0
JD_12712738,2021-02-28,0,0,0,0,0,0,0
JD_12712699,2021-02-28,0,0,0,0,0,0,0
JD_12712685,2021-02-28,0,0,0,0,0,0,0
JD_12712683,2021-02-28,0,0,0,0,0,0,0
JD_12712665,2021-02-28,0,0,0,0,0,0,0
JD_12712629,2021-02-28,0,0,0,0,0,0,0
JD_12712622,2021-02-28,0,0,0,0,0,0,0
JD_12712617,2021-02-28,0,0,0,0,0,0,0
JD_12712577,2021-02-28,0,0,0,0,0,0,0
JD_12712569,2021-02-28,0,0,0,0,0,0,0
JD_12712565,2021-02-28,0,0,0,0,0,0,0
JD_12712563,2021-02-28,0,0,0,0,0,0,0
JD_12712557,2021-02-28,0,0,0,0,0,0,0
JD_12712555,2021-02-28,0,0,0,0,0,0,0
JD_12712549,2021-02-28,0,0,0,0,0,0,0
JD_12712533,2021-02-28,0,0,0,0,0,0,0
JD_12712517,2021-02-28,0,0,0,0,0,0,0
JD_12712515,2021-02-28,0,0,0,0,0,0,0
JD_12712430,2021-02-28,0,0,0,0,0,0,0
JD_12712416,2021-02-28,0,0,0,0,0,0,0
JD_12712401,2021-02-28,0,0,0,0,0,0,0
JD_12712396,2021-02-28,0,0,0,0,0,0,0
JD_12712361,2021-02-28,0,0,0,0,0,0,0
