JD_12912194,2021-02-28,0,0,0,0,0,0,0
JD_12912188,2021-02-28,0,0,0,0,0,0,0
JD_12912186,2021-02-28,0,0,0,0,0,0,0
JD_12912166,2021-02-28,0,0,0,0,0,0,0
JD_12912164,2021-02-28,0,0,0,0,0,0,0
JD_12912146,2021-02-28,0,0,0,0,0,0,0
JD_12912134,2021-02-28,0,0,0,0,0,0,0
JD_12912128,2021-02-28,0,0,0,0,0,0,0
JD_12912114,2021-02-28,0,0,0,0,0,0,0
JD_12912080,2021-02-28,0,0,0,0,0,0,0
JD_12912048,2021-02-28,0,0,0,0,0,0,0
JD_12912034,2021-02-28,0,0,0,0,0,0,0
JD_12912010,2021-02-28,0,0,0,0,0,0,0
JD_12911906,2021-02-28,0,0,0,0,0,0,0
JD_12911898,2021-02-28,0,0,0,0,0,0,0
JD_12911830,2021-02-28,0,0,0,0,0,0,0
JD_12911674,2021-02-28,0,0,0,0,0,0,0
JD_12911670,2021-02-28,0,0,0,0,0,0,0
JD_12911658,2021-02-28,0,0,0,0,0,0,0
JD_12911656,2021-02-28,0,0,0,0,0,0,0
JD_12911652,2021-02-28,0,0,0,0,0,0,0
JD_12881478,2021-02-28,0,0,0,0,0,0,0
JD_12881462,2021-02-28,0,0,0,0,0,0,0
JD_12881442,2021-02-28,0,0,0,0,0,0,0
JD_12881370,2021-02-28,0,0,0,0,0,0,0
JD_12881368,2021-02-28,0,0,0,0,0,0,0
JD_12881342,2021-02-28,0,0,0,0,0,0,0
JD_12881336,2021-02-28,0,0,0,0,0,0,0
JD_12881328,2021-02-28,0,0,0,0,0,0,0
JD_12881238,2021-02-28,0,0,0,0,0,0,0
JD_12881154,2021-02-28,0,0,0,0,0,0,0
JD_12881146,2021-02-28,0,0,0,0,0,0,0
JD_12881136,2021-02-28,0,0,0,0,0,0,0
JD_12881128,2021-02-28,0,0,0,0,0,0,0
JD_12881096,2021-02-28,0,0,0,0,0,0,0
JD_12881052,2021-02-28,0,0,0,0,0,0,0
JD_12880992,2021-02-28,0,0,0,0,0,0,0
JD_12880982,2021-02-28,0,0,0,0,0,0,0
JD_12880924,2021-02-28,0,0,0,0,0,0,0
JD_12880908,2021-02-28,0,0,0,0,0,0,0
JD_12880884,2021-02-28,0,0,0,0,0,0,0
JD_12880872,2021-02-28,0,0,0,0,0,0,0
JD_12880870,2021-02-28,0,0,0,0,0,0,0
JD_12880862,2021-02-28,0,0,0,0,0,0,0
JD_12880858,2021-02-28,0,0,0,0,0,0,0
JD_12880856,2021-02-28,0,0,0,0,0,0,0
JD_12880854,2021-02-28,0,0,0,0,0,0,0
JD_12880844,2021-02-28,0,0,0,0,0,0,0
JD_12880842,2021-02-28,0,0,0,0,0,0,0
JD_12880840,2021-02-28,0,0,0,0,0,0,0
JD_12880826,2021-02-28,0,0,0,0,0,0,0
JD_12880810,2021-02-28,0,0,0,0,0,0,0
JD_12880780,2021-02-28,0,0,0,0,0,0,0
JD_12880422,2021-02-28,0,0,0,0,0,0,0
JD_12880402,2021-02-28,0,0,0,0,0,0,0
JD_12880400,2021-02-28,1,1,0,0,0,0,0
JD_12880398,2021-02-28,0,0,0,0,0,0,0
JD_12880396,2021-02-28,0,0,0,0,0,0,0
JD_12880394,2021-02-28,0,0,0,0,0,0,0
JD_12880392,2021-02-28,0,0,0,0,0,0,0
JD_12880370,2021-02-28,0,0,0,0,0,0,0
JD_12880366,2021-02-28,0,0,0,0,0,0,0
JD_12880324,2021-02-28,0,0,0,0,0,0,0
JD_12880080,2021-02-28,0,0,0,0,0,0,0
JD_12880062,2021-02-28,0,0,0,0,0,0,0
JD_12880056,2021-02-28,0,0,0,0,0,0,0
JD_12880050,2021-02-28,0,0,0,0,0,0,0
JD_12880048,2021-02-28,0,0,0,0,0,0,0
JD_12880046,2021-02-28,0,0,0,0,0,0,0
JD_12880034,2021-02-28,0,0,0,0,0,0,0
