JD_12675723,2021-02-28,0,0,0,0,0,0,0
JD_12675721,2021-02-28,0,0,0,0,0,0,0
JD_12675717,2021-02-28,0,0,0,0,0,0,0
JD_12675707,2021-02-28,0,0,0,0,0,0,0
JD_12675705,2021-02-28,0,0,0,0,0,0,0
JD_12675703,2021-02-28,0,0,0,0,0,0,0
JD_12675701,2021-02-28,0,0,0,0,0,0,0
JD_12675699,2021-02-28,0,0,0,0,0,0,0
JD_12675693,2021-02-28,0,0,0,0,0,0,0
JD_12675691,2021-02-28,0,0,0,0,0,0,0
JD_12675689,2021-02-28,0,0,0,0,0,0,0
JD_12675688,2021-02-28,0,0,0,0,0,0,0
JD_12675687,2021-02-28,0,0,0,0,0,0,0
JD_12675681,2021-02-28,0,0,0,0,0,0,0
JD_12675679,2021-02-28,0,0,0,0,0,0,0
JD_12675677,2021-02-28,0,0,0,0,0,0,0
JD_12675675,2021-02-28,0,0,0,0,0,0,0
JD_12675673,2021-02-28,0,0,0,0,0,0,0
JD_12675669,2021-02-28,0,0,0,0,0,0,0
JD_12675667,2021-02-28,0,0,0,0,0,0,0
JD_12675648,2021-02-28,0,0,0,0,0,0,0
JD_12675605,2021-02-28,0,0,0,0,0,0,0
JD_12675597,2021-02-28,0,0,0,0,0,0,0
JD_12675591,2021-02-28,0,0,0,0,0,0,0
JD_12675559,2021-02-28,0,0,0,0,0,0,0
JD_12675528,2021-02-28,0,0,0,0,0,0,0
JD_12675512,2021-02-28,0,0,0,0,0,0,0
JD_12675510,2021-02-28,0,0,0,0,0,0,0
JD_12675476,2021-02-28,0,0,0,0,0,0,0
JD_12675471,2021-02-28,0,0,0,0,0,0,0
JD_12675467,2021-02-28,0,0,0,0,0,0,0
JD_12675423,2021-02-28,0,0,0,0,0,0,0
JD_12675419,2021-02-28,0,0,0,0,0,0,0
JD_12675411,2021-02-28,0,0,0,0,0,0,0
JD_12675407,2021-02-28,0,0,0,0,0,0,0
JD_12675395,2021-02-28,0,0,0,0,0,0,0
JD_12675393,2021-02-28,0,0,0,0,0,0,0
JD_12675387,2021-02-28,0,0,0,0,0,0,0
JD_12675385,2021-02-28,0,0,0,0,0,0,0
JD_12675367,2021-02-28,0,0,0,0,0,0,0
JD_12675353,2021-02-28,0,0,0,0,0,0,0
JD_12675351,2021-02-28,0,0,0,0,0,0,0
JD_12675267,2021-02-28,0,0,0,0,0,0,0
JD_12675255,2021-02-28,0,0,0,0,0,0,0
JD_12675247,2021-02-28,0,0,0,0,0,0,0
JD_12675235,2021-02-28,0,0,0,0,0,0,0
JD_12675157,2021-02-28,0,0,0,0,0,0,0
JD_12675151,2021-02-28,0,0,0,0,0,0,0
JD_12675135,2021-02-28,0,0,0,0,0,0,0
JD_12675109,2021-02-28,0,0,0,0,0,0,0
JD_12675091,2021-02-28,0,0,0,0,0,0,0
JD_12675017,2021-02-28,0,0,0,0,0,0,0
JD_12675009,2021-02-28,0,0,0,0,0,0,0
JD_12675007,2021-02-28,0,0,0,0,0,0,0
JD_12674995,2021-02-28,0,0,0,0,0,0,0
JD_12674989,2021-02-28,0,0,0,0,0,0,0
JD_12674987,2021-02-28,0,0,0,0,0,0,0
JD_12674985,2021-02-28,0,0,0,0,0,0,0
JD_12674983,2021-02-28,0,0,0,0,0,0,0
JD_12674981,2021-02-28,0,0,0,0,0,0,0
JD_12674977,2021-02-28,0,0,0,0,0,0,0
JD_12674975,2021-02-28,0,0,0,0,0,0,0
JD_12674971,2021-02-28,0,0,0,0,0,0,0
JD_12674969,2021-02-28,0,0,0,0,0,0,0
JD_12674967,2021-02-28,0,0,0,0,0,0,0
JD_12674965,2021-02-28,0,0,0,0,0,0,0
JD_12674963,2021-02-28,0,0,0,0,0,0,0
JD_12674937,2021-02-28,0,0,0,0,0,0,0
JD_12674917,2021-02-28,0,0,0,0,0,0,0
JD_12674915,2021-02-28,0,0,0,0,0,0,0
