JD_12207148,2021-02-28,0,0,0,0,0,0,0
JD_12207144,2021-02-28,0,0,0,0,0,0,0
JD_12207130,2021-02-28,0,0,0,0,0,0,0
JD_12084407,2021-02-28,0,0,0,0,0,0,0
JD_12084393,2021-02-28,0,0,0,0,0,0,0
JD_12084389,2021-02-28,0,0,0,0,0,0,0
JD_12084351,2021-02-28,0,0,0,0,0,0,0
JD_11982310,2021-02-28,0,0,0,0,0,0,0
JD_11216241,2021-02-28,1000,900,1000,7,9,3,4
JD_11181315,2021-02-28,300,200,200,1,1,1,0
JD_11034253,2021-02-28,6000,6000,800,6,1,6,6
JD_11025876,2021-02-28,2000,2000,300,3,1,4,0
JD_10855001,2021-02-28,500,200,400,2,3,0,2
JD_10854602,2021-02-28,300,100,300,2,1,0,1
JD_10134182,2021-02-28,52,32,22,0,1,0,1
JD_10083717,2021-02-28,900,600,500,6,0,1,2
JD_10023811894396,2021-02-28,0,0,0,0,0,0,0
