JD_12674725,2021-02-28,0,0,0,0,0,0,0
JD_12674715,2021-02-28,0,0,0,0,0,0,0
JD_12674665,2021-02-28,0,0,0,0,0,0,0
JD_12674599,2021-02-28,0,0,0,0,0,0,0
JD_12674573,2021-02-28,0,0,0,0,0,0,0
JD_12674561,2021-02-28,0,0,0,0,0,0,0
JD_12674543,2021-02-28,0,0,0,0,0,0,0
JD_12674531,2021-02-28,0,0,0,0,0,0,0
JD_12674529,2021-02-28,0,0,0,0,0,0,0
JD_12674519,2021-02-28,0,0,0,0,0,0,0
JD_12674503,2021-02-28,0,0,0,0,0,0,0
JD_12674499,2021-02-28,0,0,0,0,0,0,0
JD_12674471,2021-02-28,0,0,0,0,0,0,0
JD_12674453,2021-02-28,0,0,0,0,0,0,0
JD_12674445,2021-02-28,0,0,0,0,0,0,0
JD_12674409,2021-02-28,0,0,0,0,0,0,0
JD_12674365,2021-02-28,0,0,0,0,0,0,0
JD_12674361,2021-02-28,0,0,0,0,0,0,0
JD_12674353,2021-02-28,0,0,0,0,0,0,0
JD_12674351,2021-02-28,0,0,0,0,0,0,0
JD_12674335,2021-02-28,0,0,0,0,0,0,0
JD_12674255,2021-02-28,0,0,0,0,0,0,0
JD_12674239,2021-02-28,0,0,0,0,0,0,0
JD_12674235,2021-02-28,0,0,0,0,0,0,0
JD_12674119,2021-02-28,0,0,0,0,0,0,0
JD_12674117,2021-02-28,0,0,0,0,0,0,0
JD_12674005,2021-02-28,0,0,0,0,0,0,0
JD_12673959,2021-02-28,0,0,0,0,0,0,0
JD_12673951,2021-02-28,0,0,0,0,0,0,0
JD_12673947,2021-02-28,0,0,0,0,0,0,0
JD_12673927,2021-02-28,0,0,0,0,0,0,0
JD_12673925,2021-02-28,0,0,0,0,0,0,0
JD_12673905,2021-02-28,0,0,0,0,0,0,0
JD_12673893,2021-02-28,0,0,0,0,0,0,0
JD_12673891,2021-02-28,0,0,0,0,0,0,0
JD_12673879,2021-02-28,0,0,0,0,0,0,0
JD_12673767,2021-02-28,0,0,0,0,0,0,0
JD_12673722,2021-02-28,0,0,0,0,0,0,0
JD_12673700,2021-02-28,0,0,0,0,0,0,0
JD_12673674,2021-02-28,0,0,0,0,0,0,0
JD_12673662,2021-02-28,0,0,0,0,0,0,0
JD_12673660,2021-02-28,0,0,0,0,0,0,0
JD_12673648,2021-02-28,0,0,0,0,0,0,0
JD_12673633,2021-02-28,0,0,0,0,0,0,0
JD_12673616,2021-02-28,0,0,0,0,0,0,0
JD_12673599,2021-02-28,0,0,0,0,0,0,0
JD_12673597,2021-02-28,0,0,0,0,0,0,0
JD_12673595,2021-02-28,0,0,0,0,0,0,0
JD_12673594,2021-02-28,0,0,0,0,0,0,0
JD_12673590,2021-02-28,0,0,0,0,0,0,0
JD_12673583,2021-02-28,0,0,0,0,0,0,0
JD_12673575,2021-02-28,0,0,0,0,0,0,0
JD_12673553,2021-02-28,0,0,0,0,0,0,0
JD_12673536,2021-02-28,0,0,0,0,0,0,0
JD_12673522,2021-02-28,0,0,0,0,0,0,0
JD_12673521,2021-02-28,0,0,0,0,0,0,0
JD_12673519,2021-02-28,0,0,0,0,0,0,0
JD_12673509,2021-02-28,0,0,0,0,0,0,0
JD_12673506,2021-02-28,0,0,0,0,0,0,0
JD_12673501,2021-02-28,0,0,0,0,0,0,0
JD_12673469,2021-02-28,0,0,0,0,0,0,0
JD_12673465,2021-02-28,0,0,0,0,0,0,0
JD_12673463,2021-02-28,0,0,0,0,0,0,0
JD_12673452,2021-02-28,0,0,0,0,0,0,0
JD_12673448,2021-02-28,0,0,0,0,0,0,0
JD_12673441,2021-02-28,0,0,0,0,0,0,0
JD_12673432,2021-02-28,0,0,0,0,0,0,0
JD_12673427,2021-02-28,0,0,0,0,0,0,0
JD_12673405,2021-02-28,0,0,0,0,0,0,0
JD_12673401,2021-02-28,0,0,0,0,0,0,0
