JD_12692951,2021-02-28,0,0,0,0,0,0,0
JD_12692937,2021-02-28,0,0,0,0,0,0,0
JD_12692916,2021-02-28,0,0,0,0,0,0,0
JD_12692898,2021-02-28,0,0,0,0,0,0,0
JD_12692895,2021-02-28,0,0,0,0,0,0,0
JD_12692864,2021-02-28,0,0,0,0,0,0,0
JD_12692841,2021-02-28,0,0,0,0,0,0,0
JD_12692837,2021-02-28,0,0,0,0,0,0,0
JD_12692821,2021-02-28,0,0,0,0,0,0,0
JD_12692817,2021-02-28,0,0,0,0,0,0,0
JD_12692782,2021-02-28,0,0,0,0,0,0,0
JD_12692778,2021-02-28,0,0,0,0,0,0,0
JD_12692682,2021-02-28,0,0,0,0,0,0,0
JD_12692666,2021-02-28,0,0,0,0,0,0,0
JD_12692659,2021-02-28,0,0,0,0,0,0,0
JD_12692643,2021-02-28,0,0,0,0,0,0,0
JD_12692631,2021-02-28,0,0,0,0,0,0,0
JD_12692624,2021-02-28,0,0,0,0,0,0,0
JD_12692622,2021-02-28,0,0,0,0,0,0,0
JD_12692620,2021-02-28,0,0,0,0,0,0,0
JD_12692618,2021-02-28,0,0,0,0,0,0,0
JD_12692608,2021-02-28,0,0,0,0,0,0,0
JD_12692603,2021-02-28,0,0,0,0,0,0,0
JD_12692602,2021-02-28,0,0,0,0,0,0,0
JD_12692600,2021-02-28,0,0,0,0,0,0,0
JD_12692599,2021-02-28,0,0,0,0,0,0,0
JD_12692593,2021-02-28,0,0,0,0,0,0,0
JD_12692579,2021-02-28,0,0,0,0,0,0,0
JD_12692571,2021-02-28,0,0,0,0,0,0,0
JD_12692569,2021-02-28,0,0,0,0,0,0,0
JD_12692561,2021-02-28,0,0,0,0,0,0,0
JD_12692557,2021-02-28,0,0,0,0,0,0,0
JD_12692556,2021-02-28,0,0,0,0,0,0,0
JD_12692554,2021-02-28,0,0,0,0,0,0,0
JD_12692551,2021-02-28,0,0,0,0,0,0,0
JD_12692549,2021-02-28,0,0,0,0,0,0,0
JD_12692547,2021-02-28,0,0,0,0,0,0,0
JD_12692518,2021-02-28,0,0,0,0,0,0,0
JD_12692427,2021-02-28,0,0,0,0,0,0,0
JD_12692421,2021-02-28,0,0,0,0,0,0,0
JD_12692397,2021-02-28,0,0,0,0,0,0,0
JD_12692393,2021-02-28,0,0,0,0,0,0,0
JD_12692374,2021-02-28,0,0,0,0,0,0,0
JD_12692335,2021-02-28,0,0,0,0,0,0,0
JD_12692333,2021-02-28,0,0,0,0,0,0,0
JD_12692326,2021-02-28,0,0,0,0,0,0,0
JD_12692274,2021-02-28,0,0,0,0,0,0,0
JD_12692257,2021-02-28,0,0,0,0,0,0,0
JD_12692250,2021-02-28,0,0,0,0,0,0,0
JD_12692211,2021-02-28,0,0,0,0,0,0,0
JD_12692207,2021-02-28,0,0,0,0,0,0,0
JD_12692198,2021-02-28,0,0,0,0,0,0,0
JD_12692197,2021-02-28,0,0,0,0,0,0,0
JD_12692156,2021-02-28,0,0,0,0,0,0,0
JD_12692148,2021-02-28,0,0,0,0,0,0,0
JD_12692090,2021-02-28,0,0,0,0,0,0,0
JD_12692071,2021-02-28,0,0,0,0,0,0,0
JD_12692067,2021-02-28,1,1,0,0,0,0,0
JD_12692065,2021-02-28,0,0,0,0,0,0,0
JD_12692063,2021-02-28,0,0,0,0,0,0,0
JD_12692033,2021-02-28,0,0,0,0,0,0,0
JD_12691999,2021-02-28,0,0,0,0,0,0,0
JD_12691997,2021-02-28,0,0,0,0,0,0,0
JD_12691967,2021-02-28,0,0,0,0,0,0,0
JD_12691917,2021-02-28,0,0,0,0,0,0,0
JD_12691915,2021-02-28,0,0,0,0,0,0,0
JD_12691913,2021-02-28,0,0,0,0,0,0,0
JD_12691911,2021-02-28,0,0,0,0,0,0,0
JD_12691909,2021-02-28,0,0,0,0,0,0,0
JD_12691907,2021-02-28,0,0,0,0,0,0,0
