JD_12512771,2021-02-28,0,0,0,0,0,0,0
JD_12512637,2021-02-28,0,0,0,0,0,0,0
JD_12512635,2021-02-28,0,0,0,0,0,0,0
JD_12512631,2021-02-28,0,0,0,0,0,0,0
JD_12512617,2021-02-28,0,0,0,0,0,0,0
JD_12512417,2021-02-28,0,0,0,0,0,0,0
JD_12512413,2021-02-28,0,0,0,0,0,0,0
JD_12512411,2021-02-28,0,0,0,0,0,0,0
JD_12512359,2021-02-28,0,0,0,0,0,0,0
JD_12512240,2021-02-28,0,0,0,0,0,0,0
JD_12512203,2021-02-28,0,0,0,0,0,0,0
JD_12512192,2021-02-28,0,0,0,0,0,0,0
JD_12512147,2021-02-28,0,0,0,0,0,0,0
JD_12512105,2021-02-28,0,0,0,0,0,0,0
JD_12512103,2021-02-28,0,0,0,0,0,0,0
JD_12512031,2021-02-28,0,0,0,0,0,0,0
JD_12511996,2021-02-28,0,0,0,0,0,0,0
JD_12511957,2021-02-28,0,0,0,0,0,0,0
JD_12511931,2021-02-28,0,0,0,0,0,0,0
JD_12511897,2021-02-28,0,0,0,0,0,0,0
JD_12511834,2021-02-28,0,0,0,0,0,0,0
JD_12511599,2021-02-28,0,0,0,0,0,0,0
JD_12511407,2021-02-28,0,0,0,0,0,0,0
JD_12511403,2021-02-28,0,0,0,0,0,0,0
JD_12511399,2021-02-28,0,0,0,0,0,0,0
JD_12511074,2021-02-28,0,0,0,0,0,0,0
JD_12510985,2021-02-28,0,0,0,0,0,0,0
JD_12510978,2021-02-28,0,0,0,0,0,0,0
JD_12510941,2021-02-28,0,0,0,0,0,0,0
JD_12510803,2021-02-28,0,0,0,0,0,0,0
JD_12510751,2021-02-28,0,0,0,0,0,0,0
JD_12510747,2021-02-28,0,0,0,0,0,0,0
JD_12510743,2021-02-28,0,0,0,0,0,0,0
JD_12510611,2021-02-28,0,0,0,0,0,0,0
JD_12510607,2021-02-28,0,0,0,0,0,0,0
JD_12510499,2021-02-28,0,0,0,0,0,0,0
JD_12510479,2021-02-28,0,0,0,0,0,0,0
JD_12510443,2021-02-28,0,0,0,0,0,0,0
JD_12510439,2021-02-28,0,0,0,0,0,0,0
JD_12510437,2021-02-28,0,0,0,0,0,0,0
JD_12510435,2021-02-28,0,0,0,0,0,0,0
JD_12510225,2021-02-28,0,0,0,0,0,0,0
JD_12510169,2021-02-28,0,0,0,0,0,0,0
JD_12510167,2021-02-28,0,0,0,0,0,0,0
JD_12510145,2021-02-28,0,0,0,0,0,0,0
JD_12510043,2021-02-28,0,0,0,0,0,0,0
JD_12509869,2021-02-28,0,0,0,0,0,0,0
JD_12509859,2021-02-28,0,0,0,0,0,0,0
JD_12509781,2021-02-28,0,0,0,0,0,0,0
JD_12509775,2021-02-28,0,0,0,0,0,0,0
JD_12509735,2021-02-28,0,0,0,0,0,0,0
JD_12509715,2021-02-28,0,0,0,0,0,0,0
JD_12509677,2021-02-28,0,0,0,0,0,0,0
JD_12509605,2021-02-28,0,0,0,0,0,0,0
JD_12509589,2021-02-28,0,0,0,0,0,0,0
JD_12509523,2021-02-28,0,0,0,0,0,0,0
JD_12509463,2021-02-28,0,0,0,0,0,0,0
JD_12509393,2021-02-28,0,0,0,0,0,0,0
JD_12509381,2021-02-28,0,0,0,0,0,0,0
JD_12509357,2021-02-28,0,0,0,0,0,0,0
JD_12509343,2021-02-28,0,0,0,0,0,0,0
JD_12509291,2021-02-28,0,0,0,0,0,0,0
JD_12509281,2021-02-28,0,0,0,0,0,0,0
JD_12509279,2021-02-28,0,0,0,0,0,0,0
JD_12509159,2021-02-28,0,0,0,0,0,0,0
JD_12509139,2021-02-28,0,0,0,0,0,0,0
JD_12509049,2021-02-28,0,0,0,0,0,0,0
JD_12508967,2021-02-28,0,0,0,0,0,0,0
JD_12508929,2021-02-28,0,0,0,0,0,0,0
JD_12508907,2021-02-28,0,0,0,0,0,0,0
