JD_12738781,2021-02-28,1,1,0,0,0,0,0
JD_12738777,2021-02-28,0,0,0,0,0,0,0
JD_12738772,2021-02-28,0,0,0,0,0,0,0
JD_12738751,2021-02-28,0,0,0,0,0,0,0
JD_12738749,2021-02-28,0,0,0,0,0,0,0
JD_12738743,2021-02-28,0,0,0,0,0,0,0
JD_12738723,2021-02-28,0,0,0,0,0,0,0
JD_12738711,2021-02-28,0,0,0,0,0,0,0
JD_12738693,2021-02-28,0,0,0,0,0,0,0
JD_12738692,2021-02-28,0,0,0,0,0,0,0
JD_12738687,2021-02-28,1,1,0,0,0,0,0
JD_12738679,2021-02-28,0,0,0,0,0,0,0
JD_12738662,2021-02-28,0,0,0,0,0,0,0
JD_12738660,2021-02-28,0,0,0,0,0,0,0
JD_12738652,2021-02-28,0,0,0,0,0,0,0
JD_12738651,2021-02-28,0,0,0,0,0,0,0
JD_12738637,2021-02-28,0,0,0,0,0,0,0
JD_12738636,2021-02-28,0,0,0,0,0,0,0
JD_12738633,2021-02-28,0,0,0,0,0,0,0
JD_12738627,2021-02-28,0,0,0,0,0,0,0
JD_12738603,2021-02-28,0,0,0,0,0,0,0
JD_12738590,2021-02-28,0,0,0,0,0,0,0
JD_12738584,2021-02-28,0,0,0,0,0,0,0
JD_12738580,2021-02-28,0,0,0,0,0,0,0
JD_12738562,2021-02-28,0,0,0,0,0,0,0
JD_12738556,2021-02-28,0,0,0,0,0,0,0
JD_12738553,2021-02-28,0,0,0,0,0,0,0
JD_12738551,2021-02-28,0,0,0,0,0,0,0
JD_12738544,2021-02-28,0,0,0,0,0,0,0
JD_12738537,2021-02-28,0,0,0,0,0,0,0
JD_12738501,2021-02-28,0,0,0,0,0,0,0
JD_12738497,2021-02-28,0,0,0,0,0,0,0
JD_12738487,2021-02-28,0,0,0,0,0,0,0
JD_12738455,2021-02-28,0,0,0,0,0,0,0
JD_12738454,2021-02-28,0,0,0,0,0,0,0
JD_12738327,2021-02-28,0,0,0,0,0,0,0
JD_12738307,2021-02-28,0,0,0,0,0,0,0
JD_12738253,2021-02-28,0,0,0,0,0,0,0
JD_12738245,2021-02-28,0,0,0,0,0,0,0
JD_12738235,2021-02-28,0,0,0,0,0,0,0
JD_12738227,2021-02-28,0,0,0,0,0,0,0
JD_12738217,2021-02-28,0,0,0,0,0,0,0
JD_12738209,2021-02-28,0,0,0,0,0,0,0
JD_12738207,2021-02-28,0,0,0,0,0,0,0
JD_12738205,2021-02-28,0,0,0,0,0,0,0
JD_12738201,2021-02-28,0,0,0,0,0,0,0
JD_12738191,2021-02-28,0,0,0,0,0,0,0
JD_12738177,2021-02-28,0,0,0,0,0,0,0
JD_12738175,2021-02-28,0,0,0,0,0,0,0
JD_12738167,2021-02-28,0,0,0,0,0,0,0
JD_12738165,2021-02-28,0,0,0,0,0,0,0
JD_12738121,2021-02-28,0,0,0,0,0,0,0
JD_12738119,2021-02-28,0,0,0,0,0,0,0
JD_12738096,2021-02-28,0,0,0,0,0,0,0
JD_12738093,2021-02-28,0,0,0,0,0,0,0
JD_12738089,2021-02-28,0,0,0,0,0,0,0
JD_12738083,2021-02-28,0,0,0,0,0,0,0
JD_12738079,2021-02-28,0,0,0,0,0,0,0
JD_12738071,2021-02-28,0,0,0,0,0,0,0
JD_12738069,2021-02-28,0,0,0,0,0,0,0
JD_12738067,2021-02-28,0,0,0,0,0,0,0
JD_12738065,2021-02-28,0,0,0,0,0,0,0
JD_12738061,2021-02-28,0,0,0,0,0,0,0
JD_12738059,2021-02-28,0,0,0,0,0,0,0
JD_12738051,2021-02-28,0,0,0,0,0,0,0
JD_12738046,2021-02-28,0,0,0,0,0,0,0
JD_12738042,2021-02-28,0,0,0,0,0,0,0
JD_12738032,2021-02-28,0,0,0,0,0,0,0
JD_12738030,2021-02-28,0,0,0,0,0,0,0
JD_12738023,2021-02-28,0,0,0,0,0,0,0
