JD_12636519,2021-02-28,0,0,0,0,0,0,0
JD_12636511,2021-02-28,0,0,0,0,0,0,0
JD_12636503,2021-02-28,0,0,0,0,0,0,0
JD_12636497,2021-02-28,0,0,0,0,0,0,0
JD_12636483,2021-02-28,0,0,0,0,0,0,0
JD_12636475,2021-02-28,0,0,0,0,0,0,0
JD_12636470,2021-02-28,0,0,0,0,0,0,0
JD_12636468,2021-02-28,0,0,0,0,0,0,0
JD_12636417,2021-02-28,0,0,0,0,0,0,0
JD_12636413,2021-02-28,0,0,0,0,0,0,0
JD_12636411,2021-02-28,0,0,0,0,0,0,0
JD_12636408,2021-02-28,0,0,0,0,0,0,0
JD_12636407,2021-02-28,0,0,0,0,0,0,0
JD_12636345,2021-02-28,0,0,0,0,0,0,0
JD_12636320,2021-02-28,0,0,0,0,0,0,0
JD_12636297,2021-02-28,0,0,0,0,0,0,0
JD_12636295,2021-02-28,0,0,0,0,0,0,0
JD_12636289,2021-02-28,0,0,0,0,0,0,0
JD_12636267,2021-02-28,0,0,0,0,0,0,0
JD_12636241,2021-02-28,0,0,0,0,0,0,0
JD_12636236,2021-02-28,0,0,0,0,0,0,0
JD_12636234,2021-02-28,0,0,0,0,0,0,0
JD_12636217,2021-02-28,0,0,0,0,0,0,0
JD_12636213,2021-02-28,0,0,0,0,0,0,0
JD_12636211,2021-02-28,0,0,0,0,0,0,0
JD_12636209,2021-02-28,0,0,0,0,0,0,0
JD_12636205,2021-02-28,0,0,0,0,0,0,0
JD_12636203,2021-02-28,0,0,0,0,0,0,0
JD_12636201,2021-02-28,0,0,0,0,0,0,0
JD_12636198,2021-02-28,0,0,0,0,0,0,0
JD_12636197,2021-02-28,0,0,0,0,0,0,0
JD_12636140,2021-02-28,0,0,0,0,0,0,0
JD_12636138,2021-02-28,0,0,0,0,0,0,0
JD_12636134,2021-02-28,0,0,0,0,0,0,0
JD_12636132,2021-02-28,0,0,0,0,0,0,0
JD_12636130,2021-02-28,0,0,0,0,0,0,0
JD_12636128,2021-02-28,0,0,0,0,0,0,0
JD_12636114,2021-02-28,0,0,0,0,0,0,0
JD_12636110,2021-02-28,0,0,0,0,0,0,0
JD_12636108,2021-02-28,0,0,0,0,0,0,0
JD_12636102,2021-02-28,0,0,0,0,0,0,0
JD_12636100,2021-02-28,0,0,0,0,0,0,0
JD_12636098,2021-02-28,0,0,0,0,0,0,0
JD_12636091,2021-02-28,0,0,0,0,0,0,0
JD_12636089,2021-02-28,0,0,0,0,0,0,0
JD_12636087,2021-02-28,0,0,0,0,0,0,0
JD_12636083,2021-02-28,0,0,0,0,0,0,0
JD_12636069,2021-02-28,0,0,0,0,0,0,0
JD_12636065,2021-02-28,0,0,0,0,0,0,0
JD_12636059,2021-02-28,0,0,0,0,0,0,0
JD_12636057,2021-02-28,0,0,0,0,0,0,0
JD_12636053,2021-02-28,0,0,0,0,0,0,0
JD_12636049,2021-02-28,0,0,0,0,0,0,0
JD_12636047,2021-02-28,0,0,0,0,0,0,0
JD_12636043,2021-02-28,0,0,0,0,0,0,0
JD_12636038,2021-02-28,0,0,0,0,0,0,0
JD_12636035,2021-02-28,0,0,0,0,0,0,0
JD_12636034,2021-02-28,0,0,0,0,0,0,0
JD_12636031,2021-02-28,0,0,0,0,0,0,0
JD_12636029,2021-02-28,0,0,0,0,0,0,0
JD_12636027,2021-02-28,0,0,0,0,0,0,0
JD_12636025,2021-02-28,0,0,0,0,0,0,0
JD_12636023,2021-02-28,0,0,0,0,0,0,0
JD_12636021,2021-02-28,0,0,0,0,0,0,0
JD_12636019,2021-02-28,0,0,0,0,0,0,0
JD_12635999,2021-02-28,0,0,0,0,0,0,0
JD_12635983,2021-02-28,0,0,0,0,0,0,0
JD_12635975,2021-02-28,0,0,0,0,0,0,0
JD_12635974,2021-02-28,0,0,0,0,0,0,0
JD_12635968,2021-02-28,0,0,0,0,0,0,0
