JD_12727921,2021-02-28,0,0,0,0,0,0,0
JD_12727915,2021-02-28,0,0,0,0,0,0,0
JD_12727911,2021-02-28,0,0,0,0,0,0,0
JD_12727909,2021-02-28,0,0,0,0,0,0,0
JD_12727907,2021-02-28,0,0,0,0,0,0,0
JD_12727906,2021-02-28,0,0,0,0,0,0,0
JD_12727903,2021-02-28,0,0,0,0,0,0,0
JD_12727901,2021-02-28,0,0,0,0,0,0,0
JD_12727899,2021-02-28,0,0,0,0,0,0,0
JD_12727897,2021-02-28,0,0,0,0,0,0,0
JD_12727885,2021-02-28,0,0,0,0,0,0,0
JD_12727883,2021-02-28,0,0,0,0,0,0,0
JD_12727879,2021-02-28,0,0,0,0,0,0,0
JD_12727869,2021-02-28,0,0,0,0,0,0,0
JD_12727867,2021-02-28,0,0,0,0,0,0,0
JD_12727827,2021-02-28,0,0,0,0,0,0,0
JD_12727825,2021-02-28,0,0,0,0,0,0,0
JD_12727805,2021-02-28,0,0,0,0,0,0,0
JD_12727791,2021-02-28,0,0,0,0,0,0,0
JD_12727789,2021-02-28,0,0,0,0,0,0,0
JD_12727766,2021-02-28,0,0,0,0,0,0,0
JD_12727762,2021-02-28,0,0,0,0,0,0,0
JD_12727737,2021-02-28,0,0,0,0,0,0,0
JD_12727713,2021-02-28,0,0,0,0,0,0,0
JD_12727697,2021-02-28,0,0,0,0,0,0,0
JD_12727691,2021-02-28,0,0,0,0,0,0,0
JD_12727683,2021-02-28,0,0,0,0,0,0,0
JD_12727675,2021-02-28,0,0,0,0,0,0,0
JD_12727657,2021-02-28,0,0,0,0,0,0,0
JD_12727620,2021-02-28,0,0,0,0,0,0,0
JD_12727599,2021-02-28,0,0,0,0,0,0,0
JD_12727581,2021-02-28,0,0,0,0,0,0,0
JD_12727561,2021-02-28,0,0,0,0,0,0,0
JD_12727559,2021-02-28,0,0,0,0,0,0,0
JD_12727527,2021-02-28,0,0,0,0,0,0,0
JD_12727525,2021-02-28,0,0,0,0,0,0,0
JD_12727523,2021-02-28,0,0,0,0,0,0,0
JD_12727519,2021-02-28,0,0,0,0,0,0,0
JD_12727517,2021-02-28,0,0,0,0,0,0,0
JD_12727516,2021-02-28,0,0,0,0,0,0,0
JD_12727515,2021-02-28,0,0,0,0,0,0,0
JD_12727478,2021-02-28,0,0,0,0,0,0,0
JD_12727476,2021-02-28,0,0,0,0,0,0,0
JD_12727468,2021-02-28,0,0,0,0,0,0,0
JD_12727427,2021-02-28,0,0,0,0,0,0,0
JD_12727416,2021-02-28,0,0,0,0,0,0,0
JD_12727413,2021-02-28,0,0,0,0,0,0,0
JD_12727403,2021-02-28,0,0,0,0,0,0,0
JD_12727395,2021-02-28,0,0,0,0,0,0,0
JD_12727392,2021-02-28,0,0,0,0,0,0,0
JD_12727355,2021-02-28,0,0,0,0,0,0,0
JD_12727334,2021-02-28,0,0,0,0,0,0,0
JD_12727333,2021-02-28,0,0,0,0,0,0,0
JD_12727331,2021-02-28,0,0,0,0,0,0,0
JD_12727318,2021-02-28,0,0,0,0,0,0,0
JD_12727317,2021-02-28,0,0,0,0,0,0,0
JD_12727311,2021-02-28,0,0,0,0,0,0,0
JD_12727287,2021-02-28,0,0,0,0,0,0,0
JD_12727274,2021-02-28,0,0,0,0,0,0,0
JD_12727271,2021-02-28,0,0,0,0,0,0,0
JD_12727264,2021-02-28,0,0,0,0,0,0,0
JD_12727249,2021-02-28,0,0,0,0,0,0,0
JD_12727244,2021-02-28,0,0,0,0,0,0,0
JD_12727242,2021-02-28,0,0,0,0,0,0,0
JD_12727239,2021-02-28,0,0,0,0,0,0,0
JD_12727236,2021-02-28,0,0,0,0,0,0,0
JD_12727230,2021-02-28,0,0,0,0,0,0,0
JD_12727219,2021-02-28,0,0,0,0,0,0,0
JD_12727213,2021-02-28,0,0,0,0,0,0,0
JD_12727211,2021-02-28,0,0,0,0,0,0,0
