JD_12626757,2021-02-28,0,0,0,0,0,0,0
JD_12626649,2021-02-28,0,0,0,0,0,0,0
JD_12626647,2021-02-28,0,0,0,0,0,0,0
JD_12626643,2021-02-28,0,0,0,0,0,0,0
JD_12626639,2021-02-28,0,0,0,0,0,0,0
JD_12626617,2021-02-28,0,0,0,0,0,0,0
JD_12626615,2021-02-28,0,0,0,0,0,0,0
JD_12626584,2021-02-28,0,0,0,0,0,0,0
JD_12626574,2021-02-28,0,0,0,0,0,0,0
JD_12626561,2021-02-28,0,0,0,0,0,0,0
JD_12626531,2021-02-28,0,0,0,0,0,0,0
JD_12626446,2021-02-28,0,0,0,0,0,0,0
JD_12626443,2021-02-28,0,0,0,0,0,0,0
JD_12626421,2021-02-28,0,0,0,0,0,0,0
JD_12626408,2021-02-28,0,0,0,0,0,0,0
JD_12626405,2021-02-28,0,0,0,0,0,0,0
JD_12626401,2021-02-28,0,0,0,0,0,0,0
JD_12626395,2021-02-28,0,0,0,0,0,0,0
JD_12626343,2021-02-28,0,0,0,0,0,0,0
JD_12626327,2021-02-28,0,0,0,0,0,0,0
JD_12626325,2021-02-28,0,0,0,0,0,0,0
JD_12626313,2021-02-28,0,0,0,0,0,0,0
JD_12626288,2021-02-28,0,0,0,0,0,0,0
JD_12626282,2021-02-28,0,0,0,0,0,0,0
JD_12626263,2021-02-28,0,0,0,0,0,0,0
JD_12626256,2021-02-28,0,0,0,0,0,0,0
JD_12626233,2021-02-28,0,0,0,0,0,0,0
JD_12626199,2021-02-28,0,0,0,0,0,0,0
JD_12626143,2021-02-28,0,0,0,0,0,0,0
JD_12626089,2021-02-28,0,0,0,0,0,0,0
JD_12626085,2021-02-28,0,0,0,0,0,0,0
JD_12626081,2021-02-28,0,0,0,0,0,0,0
JD_12626071,2021-02-28,0,0,0,0,0,0,0
JD_12626063,2021-02-28,0,0,0,0,0,0,0
JD_12626059,2021-02-28,0,0,0,0,0,0,0
JD_12626047,2021-02-28,0,0,0,0,0,0,0
JD_12626038,2021-02-28,0,0,0,0,0,0,0
JD_12626023,2021-02-28,0,0,0,0,0,0,0
JD_12626020,2021-02-28,0,0,0,0,0,0,0
JD_12626018,2021-02-28,0,0,0,0,0,0,0
JD_12626013,2021-02-28,0,0,0,0,0,0,0
JD_12626004,2021-02-28,0,0,0,0,0,0,0
JD_12625994,2021-02-28,0,0,0,0,0,0,0
JD_12625984,2021-02-28,0,0,0,0,0,0,0
JD_12625966,2021-02-28,0,0,0,0,0,0,0
JD_12625945,2021-02-28,0,0,0,0,0,0,0
JD_12625880,2021-02-28,0,0,0,0,0,0,0
JD_12625878,2021-02-28,0,0,0,0,0,0,0
JD_12625872,2021-02-28,0,0,0,0,0,0,0
JD_12625870,2021-02-28,0,0,0,0,0,0,0
JD_12625833,2021-02-28,0,0,0,0,0,0,0
JD_12625821,2021-02-28,0,0,0,0,0,0,0
JD_12625819,2021-02-28,0,0,0,0,0,0,0
JD_12625807,2021-02-28,0,0,0,0,0,0,0
JD_12625768,2021-02-28,0,0,0,0,0,0,0
JD_12625755,2021-02-28,0,0,0,0,0,0,0
JD_12625733,2021-02-28,0,0,0,0,0,0,0
JD_12625702,2021-02-28,0,0,0,0,0,0,0
JD_12625665,2021-02-28,0,0,0,0,0,0,0
JD_12625644,2021-02-28,0,0,0,0,0,0,0
JD_12625643,2021-02-28,0,0,0,0,0,0,0
JD_12625634,2021-02-28,0,0,0,0,0,0,0
JD_12625625,2021-02-28,0,0,0,0,0,0,0
JD_12625623,2021-02-28,0,0,0,0,0,0,0
JD_12625620,2021-02-28,0,0,0,0,0,0,0
JD_12625618,2021-02-28,0,0,0,0,0,0,0
JD_12625609,2021-02-28,0,0,0,0,0,0,0
JD_12625607,2021-02-28,0,0,0,0,0,0,0
JD_12625606,2021-02-28,0,0,0,0,0,0,0
JD_12625605,2021-02-28,0,0,0,0,0,0,0
