JD_12721906,2021-02-28,0,0,0,0,0,0,0
JD_12721880,2021-02-28,0,0,0,0,0,0,0
JD_12721874,2021-02-28,0,0,0,0,0,0,0
JD_12721851,2021-02-28,0,0,0,0,0,0,0
JD_12721849,2021-02-28,0,0,0,0,0,0,0
JD_12721834,2021-02-28,0,0,0,0,0,0,0
JD_12721808,2021-02-28,0,0,0,0,0,0,0
JD_12721804,2021-02-28,0,0,0,0,0,0,0
JD_12721786,2021-02-28,0,0,0,0,0,0,0
JD_12721784,2021-02-28,0,0,0,0,0,0,0
JD_12721780,2021-02-28,0,0,0,0,0,0,0
JD_12721778,2021-02-28,0,0,0,0,0,0,0
JD_12721759,2021-02-28,0,0,0,0,0,0,0
JD_12721754,2021-02-28,0,0,0,0,0,0,0
JD_12721747,2021-02-28,0,0,0,0,0,0,0
JD_12721740,2021-02-28,0,0,0,0,0,0,0
JD_12721738,2021-02-28,0,0,0,0,0,0,0
JD_12721696,2021-02-28,0,0,0,0,0,0,0
JD_12721682,2021-02-28,0,0,0,0,0,0,0
JD_12721680,2021-02-28,0,0,0,0,0,0,0
JD_12721674,2021-02-28,0,0,0,0,0,0,0
JD_12721643,2021-02-28,0,0,0,0,0,0,0
JD_12721617,2021-02-28,0,0,0,0,0,0,0
JD_12721582,2021-02-28,0,0,0,0,0,0,0
JD_12721571,2021-02-28,0,0,0,0,0,0,0
JD_12721555,2021-02-28,0,0,0,0,0,0,0
JD_12721553,2021-02-28,0,0,0,0,0,0,0
JD_12721510,2021-02-28,0,0,0,0,0,0,0
JD_12721498,2021-02-28,0,0,0,0,0,0,0
JD_12721487,2021-02-28,0,0,0,0,0,0,0
JD_12721485,2021-02-28,0,0,0,0,0,0,0
JD_12721480,2021-02-28,0,0,0,0,0,0,0
JD_12721479,2021-02-28,0,0,0,0,0,0,0
JD_12721478,2021-02-28,0,0,0,0,0,0,0
JD_12721465,2021-02-28,0,0,0,0,0,0,0
JD_12721453,2021-02-28,0,0,0,0,0,0,0
JD_12721444,2021-02-28,0,0,0,0,0,0,0
JD_12721439,2021-02-28,0,0,0,0,0,0,0
JD_12721436,2021-02-28,0,0,0,0,0,0,0
JD_12721435,2021-02-28,0,0,0,0,0,0,0
JD_12721429,2021-02-28,0,0,0,0,0,0,0
JD_12721424,2021-02-28,0,0,0,0,0,0,0
JD_12721422,2021-02-28,0,0,0,0,0,0,0
JD_12721417,2021-02-28,0,0,0,0,0,0,0
JD_12721414,2021-02-28,0,0,0,0,0,0,0
JD_12721409,2021-02-28,0,0,0,0,0,0,0
JD_12721405,2021-02-28,0,0,0,0,0,0,0
JD_12721400,2021-02-28,0,0,0,0,0,0,0
JD_12721377,2021-02-28,0,0,0,0,0,0,0
JD_12721367,2021-02-28,0,0,0,0,0,0,0
JD_12721357,2021-02-28,0,0,0,0,0,0,0
JD_12721348,2021-02-28,0,0,0,0,0,0,0
JD_12721346,2021-02-28,0,0,0,0,0,0,0
JD_12721344,2021-02-28,0,0,0,0,0,0,0
JD_12721333,2021-02-28,0,0,0,0,0,0,0
JD_12721331,2021-02-28,0,0,0,0,0,0,0
JD_12721325,2021-02-28,0,0,0,0,0,0,0
JD_12721321,2021-02-28,0,0,0,0,0,0,0
JD_12721317,2021-02-28,0,0,0,0,0,0,0
JD_12721283,2021-02-28,0,0,0,0,0,0,0
JD_12721281,2021-02-28,0,0,0,0,0,0,0
JD_12721266,2021-02-28,1,1,0,0,0,0,0
JD_12721222,2021-02-28,0,0,0,0,0,0,0
JD_12721218,2021-02-28,0,0,0,0,0,0,0
JD_12721212,2021-02-28,0,0,0,0,0,0,0
JD_12721204,2021-02-28,0,0,0,0,0,0,0
JD_12721200,2021-02-28,0,0,0,0,0,0,0
JD_12721194,2021-02-28,0,0,0,0,0,0,0
JD_12721191,2021-02-28,0,0,0,0,0,0,0
JD_12721190,2021-02-28,0,0,0,0,0,0,0
