JD_12599686,2021-02-28,0,0,0,0,0,0,0
JD_12599684,2021-02-28,0,0,0,0,0,0,0
JD_12599682,2021-02-28,0,0,0,0,0,0,0
JD_12599680,2021-02-28,0,0,0,0,0,0,0
JD_12599678,2021-02-28,0,0,0,0,0,0,0
JD_12599676,2021-02-28,0,0,0,0,0,0,0
JD_12599674,2021-02-28,0,0,0,0,0,0,0
JD_12599672,2021-02-28,0,0,0,0,0,0,0
JD_12599670,2021-02-28,0,0,0,0,0,0,0
JD_12599668,2021-02-28,0,0,0,0,0,0,0
JD_12599666,2021-02-28,0,0,0,0,0,0,0
JD_12599664,2021-02-28,0,0,0,0,0,0,0
JD_12599662,2021-02-28,0,0,0,0,0,0,0
JD_12599660,2021-02-28,0,0,0,0,0,0,0
JD_12599658,2021-02-28,0,0,0,0,0,0,0
JD_12599657,2021-02-28,0,0,0,0,0,0,0
JD_12599656,2021-02-28,0,0,0,0,0,0,0
JD_12599654,2021-02-28,0,0,0,0,0,0,0
JD_12599652,2021-02-28,0,0,0,0,0,0,0
JD_12599650,2021-02-28,0,0,0,0,0,0,0
JD_12599648,2021-02-28,0,0,0,0,0,0,0
JD_12599647,2021-02-28,0,0,0,0,0,0,0
JD_12599646,2021-02-28,0,0,0,0,0,0,0
JD_12599645,2021-02-28,0,0,0,0,0,0,0
JD_12599644,2021-02-28,0,0,0,0,0,0,0
JD_12599643,2021-02-28,0,0,0,0,0,0,0
JD_12599642,2021-02-28,0,0,0,0,0,0,0
JD_12599640,2021-02-28,0,0,0,0,0,0,0
JD_12599638,2021-02-28,0,0,0,0,0,0,0
JD_12599636,2021-02-28,0,0,0,0,0,0,0
JD_12599634,2021-02-28,0,0,0,0,0,0,0
JD_12599632,2021-02-28,0,0,0,0,0,0,0
JD_12599630,2021-02-28,0,0,0,0,0,0,0
JD_12599629,2021-02-28,0,0,0,0,0,0,0
JD_12599628,2021-02-28,0,0,0,0,0,0,0
JD_12599626,2021-02-28,0,0,0,0,0,0,0
JD_12599624,2021-02-28,0,0,0,0,0,0,0
JD_12599622,2021-02-28,0,0,0,0,0,0,0
JD_12599620,2021-02-28,0,0,0,0,0,0,0
JD_12599618,2021-02-28,0,0,0,0,0,0,0
JD_12599616,2021-02-28,0,0,0,0,0,0,0
JD_12599614,2021-02-28,0,0,0,0,0,0,0
JD_12599612,2021-02-28,0,0,0,0,0,0,0
JD_12599610,2021-02-28,0,0,0,0,0,0,0
JD_12599608,2021-02-28,0,0,0,0,0,0,0
JD_12599606,2021-02-28,0,0,0,0,0,0,0
JD_12599604,2021-02-28,0,0,0,0,0,0,0
JD_12599597,2021-02-28,0,0,0,0,0,0,0
JD_12599585,2021-02-28,0,0,0,0,0,0,0
JD_12599580,2021-02-28,0,0,0,0,0,0,0
JD_12599578,2021-02-28,0,0,0,0,0,0,0
JD_12599575,2021-02-28,0,0,0,0,0,0,0
JD_12599573,2021-02-28,0,0,0,0,0,0,0
JD_12599555,2021-02-28,0,0,0,0,0,0,0
JD_12599530,2021-02-28,0,0,0,0,0,0,0
JD_12599521,2021-02-28,0,0,0,0,0,0,0
JD_12599519,2021-02-28,0,0,0,0,0,0,0
JD_12599507,2021-02-28,0,0,0,0,0,0,0
JD_12599477,2021-02-28,0,0,0,0,0,0,0
JD_12599475,2021-02-28,0,0,0,0,0,0,0
JD_12599408,2021-02-28,0,0,0,0,0,0,0
JD_12599267,2021-02-28,0,0,0,0,0,0,0
JD_12599265,2021-02-28,0,0,0,0,0,0,0
JD_12599235,2021-02-28,0,0,0,0,0,0,0
JD_12599224,2021-02-28,0,0,0,0,0,0,0
JD_12599220,2021-02-28,0,0,0,0,0,0,0
JD_12599218,2021-02-28,0,0,0,0,0,0,0
JD_12599200,2021-02-28,0,0,0,0,0,0,0
JD_12599198,2021-02-28,0,0,0,0,0,0,0
JD_12599194,2021-02-28,0,0,0,0,0,0,0
