JD_12577716,2021-02-28,0,0,0,0,0,0,0
JD_12577715,2021-02-28,0,0,0,0,0,0,0
JD_12577703,2021-02-28,0,0,0,0,0,0,0
JD_12577639,2021-02-28,0,0,0,0,0,0,0
JD_12577631,2021-02-28,0,0,0,0,0,0,0
JD_12577608,2021-02-28,0,0,0,0,0,0,0
JD_12577605,2021-02-28,0,0,0,0,0,0,0
JD_12577600,2021-02-28,0,0,0,0,0,0,0
JD_12577567,2021-02-28,0,0,0,0,0,0,0
JD_12577559,2021-02-28,0,0,0,0,0,0,0
JD_12577557,2021-02-28,0,0,0,0,0,0,0
JD_12577551,2021-02-28,0,0,0,0,0,0,0
JD_12577547,2021-02-28,0,0,0,0,0,0,0
JD_12577542,2021-02-28,0,0,0,0,0,0,0
JD_12577528,2021-02-28,0,0,0,0,0,0,0
JD_12577526,2021-02-28,0,0,0,0,0,0,0
JD_12577500,2021-02-28,0,0,0,0,0,0,0
JD_12577498,2021-02-28,0,0,0,0,0,0,0
JD_12577425,2021-02-28,0,0,0,0,0,0,0
JD_12577387,2021-02-28,0,0,0,0,0,0,0
JD_12577345,2021-02-28,0,0,0,0,0,0,0
JD_12577306,2021-02-28,0,0,0,0,0,0,0
JD_12577299,2021-02-28,0,0,0,0,0,0,0
JD_12577294,2021-02-28,0,0,0,0,0,0,0
JD_12577250,2021-02-28,0,0,0,0,0,0,0
JD_12577195,2021-02-28,0,0,0,0,0,0,0
JD_12577183,2021-02-28,0,0,0,0,0,0,0
JD_12577181,2021-02-28,0,0,0,0,0,0,0
JD_12577177,2021-02-28,0,0,0,0,0,0,0
JD_12577175,2021-02-28,0,0,0,0,0,0,0
JD_12577135,2021-02-28,0,0,0,0,0,0,0
JD_12577047,2021-02-28,0,0,0,0,0,0,0
JD_12577014,2021-02-28,0,0,0,0,0,0,0
JD_12576981,2021-02-28,0,0,0,0,0,0,0
JD_12576964,2021-02-28,0,0,0,0,0,0,0
JD_12576945,2021-02-28,0,0,0,0,0,0,0
JD_12576879,2021-02-28,0,0,0,0,0,0,0
JD_12576802,2021-02-28,0,0,0,0,0,0,0
JD_12576788,2021-02-28,0,0,0,0,0,0,0
JD_12576780,2021-02-28,0,0,0,0,0,0,0
JD_12576707,2021-02-28,0,0,0,0,0,0,0
JD_12576699,2021-02-28,0,0,0,0,0,0,0
JD_12576659,2021-02-28,0,0,0,0,0,0,0
JD_12576648,2021-02-28,0,0,0,0,0,0,0
JD_12576603,2021-02-28,0,0,0,0,0,0,0
JD_12576595,2021-02-28,0,0,0,0,0,0,0
JD_12576594,2021-02-28,0,0,0,0,0,0,0
JD_12576585,2021-02-28,0,0,0,0,0,0,0
JD_12576583,2021-02-28,0,0,0,0,0,0,0
JD_12576569,2021-02-28,0,0,0,0,0,0,0
JD_12576558,2021-02-28,0,0,0,0,0,0,0
JD_12576544,2021-02-28,0,0,0,0,0,0,0
JD_12576533,2021-02-28,0,0,0,0,0,0,0
JD_12576467,2021-02-28,0,0,0,0,0,0,0
JD_12576459,2021-02-28,0,0,0,0,0,0,0
JD_12576450,2021-02-28,0,0,0,0,0,0,0
JD_12576435,2021-02-28,0,0,0,0,0,0,0
JD_12576413,2021-02-28,0,0,0,0,0,0,0
JD_12576407,2021-02-28,0,0,0,0,0,0,0
JD_12576398,2021-02-28,0,0,0,0,0,0,0
JD_12576361,2021-02-28,0,0,0,0,0,0,0
JD_12576327,2021-02-28,0,0,0,0,0,0,0
JD_12576302,2021-02-28,0,0,0,0,0,0,0
JD_12576289,2021-02-28,0,0,0,0,0,0,0
JD_12576236,2021-02-28,0,0,0,0,0,0,0
JD_12576221,2021-02-28,0,0,0,0,0,0,0
JD_12576181,2021-02-28,0,0,0,0,0,0,0
JD_12576171,2021-02-28,0,0,0,0,0,0,0
JD_12576169,2021-02-28,0,0,0,0,0,0,0
JD_12576161,2021-02-28,0,0,0,0,0,0,0
