JD_12644357,2021-02-28,0,0,0,0,0,0,0
JD_12644311,2021-02-28,0,0,0,0,0,0,0
JD_12644309,2021-02-28,0,0,0,0,0,0,0
JD_12644297,2021-02-28,0,0,0,0,0,0,0
JD_12644296,2021-02-28,0,0,0,0,0,0,0
JD_12644284,2021-02-28,0,0,0,0,0,0,0
JD_12644282,2021-02-28,0,0,0,0,0,0,0
JD_12644269,2021-02-28,0,0,0,0,0,0,0
JD_12644259,2021-02-28,0,0,0,0,0,0,0
JD_12644238,2021-02-28,0,0,0,0,0,0,0
JD_12644236,2021-02-28,0,0,0,0,0,0,0
JD_12644218,2021-02-28,0,0,0,0,0,0,0
JD_12644207,2021-02-28,0,0,0,0,0,0,0
JD_12644197,2021-02-28,0,0,0,0,0,0,0
JD_12644195,2021-02-28,0,0,0,0,0,0,0
JD_12644189,2021-02-28,0,0,0,0,0,0,0
JD_12644181,2021-02-28,0,0,0,0,0,0,0
JD_12644179,2021-02-28,0,0,0,0,0,0,0
JD_12644173,2021-02-28,0,0,0,0,0,0,0
JD_12644170,2021-02-28,0,0,0,0,0,0,0
JD_12644169,2021-02-28,0,0,0,0,0,0,0
JD_12644165,2021-02-28,0,0,0,0,0,0,0
JD_12644159,2021-02-28,0,0,0,0,0,0,0
JD_12644155,2021-02-28,0,0,0,0,0,0,0
JD_12644153,2021-02-28,1,1,0,0,0,0,0
JD_12644151,2021-02-28,0,0,0,0,0,0,0
JD_12644147,2021-02-28,0,0,0,0,0,0,0
JD_12644143,2021-02-28,0,0,0,0,0,0,0
JD_12644140,2021-02-28,0,0,0,0,0,0,0
JD_12644135,2021-02-28,0,0,0,0,0,0,0
JD_12644134,2021-02-28,0,0,0,0,0,0,0
JD_12644133,2021-02-28,0,0,0,0,0,0,0
JD_12644105,2021-02-28,0,0,0,0,0,0,0
JD_12644103,2021-02-28,0,0,0,0,0,0,0
JD_12644085,2021-02-28,0,0,0,0,0,0,0
JD_12644081,2021-02-28,0,0,0,0,0,0,0
JD_12644075,2021-02-28,0,0,0,0,0,0,0
JD_12644024,2021-02-28,0,0,0,0,0,0,0
JD_12644018,2021-02-28,0,0,0,0,0,0,0
JD_12643999,2021-02-28,0,0,0,0,0,0,0
JD_12643981,2021-02-28,0,0,0,0,0,0,0
JD_12643950,2021-02-28,0,0,0,0,0,0,0
JD_12643940,2021-02-28,0,0,0,0,0,0,0
JD_12643924,2021-02-28,0,0,0,0,0,0,0
JD_12643905,2021-02-28,0,0,0,0,0,0,0
JD_12643903,2021-02-28,0,0,0,0,0,0,0
JD_12643891,2021-02-28,0,0,0,0,0,0,0
JD_12643864,2021-02-28,0,0,0,0,0,0,0
JD_12643855,2021-02-28,0,0,0,0,0,0,0
JD_12643844,2021-02-28,0,0,0,0,0,0,0
JD_12643826,2021-02-28,0,0,0,0,0,0,0
JD_12643800,2021-02-28,0,0,0,0,0,0,0
JD_12643794,2021-02-28,0,0,0,0,0,0,0
JD_12643790,2021-02-28,0,0,0,0,0,0,0
JD_12643780,2021-02-28,0,0,0,0,0,0,0
JD_12643698,2021-02-28,0,0,0,0,0,0,0
JD_12643619,2021-02-28,0,0,0,0,0,0,0
JD_12643617,2021-02-28,0,0,0,0,0,0,0
JD_12643614,2021-02-28,0,0,0,0,0,0,0
JD_12643613,2021-02-28,0,0,0,0,0,0,0
JD_12643611,2021-02-28,0,0,0,0,0,0,0
JD_12643596,2021-02-28,0,0,0,0,0,0,0
JD_12643586,2021-02-28,0,0,0,0,0,0,0
JD_12643583,2021-02-28,0,0,0,0,0,0,0
JD_12643580,2021-02-28,0,0,0,0,0,0,0
JD_12643577,2021-02-28,0,0,0,0,0,0,0
JD_12643561,2021-02-28,0,0,0,0,0,0,0
JD_12643557,2021-02-28,0,0,0,0,0,0,0
JD_12643553,2021-02-28,0,0,0,0,0,0,0
JD_12643547,2021-02-28,0,0,0,0,0,0,0
