JD_12651222,2021-02-28,0,0,0,0,0,0,0
JD_12651212,2021-02-28,0,0,0,0,0,0,0
JD_12651210,2021-02-28,0,0,0,0,0,0,0
JD_12651208,2021-02-28,0,0,0,0,0,0,0
JD_12651206,2021-02-28,0,0,0,0,0,0,0
JD_12651204,2021-02-28,0,0,0,0,0,0,0
JD_12651201,2021-02-28,0,0,0,0,0,0,0
JD_12651198,2021-02-28,0,0,0,0,0,0,0
JD_12651195,2021-02-28,0,0,0,0,0,0,0
JD_12651183,2021-02-28,0,0,0,0,0,0,0
JD_12651174,2021-02-28,0,0,0,0,0,0,0
JD_12651172,2021-02-28,0,0,0,0,0,0,0
JD_12651170,2021-02-28,0,0,0,0,0,0,0
JD_12651162,2021-02-28,0,0,0,0,0,0,0
JD_12651160,2021-02-28,0,0,0,0,0,0,0
JD_12651158,2021-02-28,0,0,0,0,0,0,0
JD_12651103,2021-02-28,0,0,0,0,0,0,0
JD_12651101,2021-02-28,0,0,0,0,0,0,0
JD_12651097,2021-02-28,0,0,0,0,0,0,0
JD_12651096,2021-02-28,0,0,0,0,0,0,0
JD_12651095,2021-02-28,0,0,0,0,0,0,0
JD_12651073,2021-02-28,0,0,0,0,0,0,0
JD_12651061,2021-02-28,0,0,0,0,0,0,0
JD_12651042,2021-02-28,0,0,0,0,0,0,0
JD_12651041,2021-02-28,0,0,0,0,0,0,0
JD_12651026,2021-02-28,0,0,0,0,0,0,0
JD_12650997,2021-02-28,0,0,0,0,0,0,0
JD_12650945,2021-02-28,0,0,0,0,0,0,0
JD_12650936,2021-02-28,0,0,0,0,0,0,0
JD_12650933,2021-02-28,0,0,0,0,0,0,0
JD_12650927,2021-02-28,0,0,0,0,0,0,0
JD_12650920,2021-02-28,0,0,0,0,0,0,0
JD_12650917,2021-02-28,0,0,0,0,0,0,0
JD_12650908,2021-02-28,0,0,0,0,0,0,0
JD_12650906,2021-02-28,0,0,0,0,0,0,0
JD_12650897,2021-02-28,0,0,0,0,0,0,0
JD_12650891,2021-02-28,0,0,0,0,0,0,0
JD_12650890,2021-02-28,0,0,0,0,0,0,0
JD_12650889,2021-02-28,0,0,0,0,0,0,0
JD_12650887,2021-02-28,0,0,0,0,0,0,0
JD_12650883,2021-02-28,0,0,0,0,0,0,0
JD_12650881,2021-02-28,0,0,0,0,0,0,0
JD_12650877,2021-02-28,0,0,0,0,0,0,0
JD_12650808,2021-02-28,0,0,0,0,0,0,0
JD_12650733,2021-02-28,0,0,0,0,0,0,0
JD_12650724,2021-02-28,0,0,0,0,0,0,0
JD_12650720,2021-02-28,0,0,0,0,0,0,0
JD_12650671,2021-02-28,0,0,0,0,0,0,0
JD_12650665,2021-02-28,0,0,0,0,0,0,0
JD_12650620,2021-02-28,0,0,0,0,0,0,0
JD_12650593,2021-02-28,0,0,0,0,0,0,0
JD_12650591,2021-02-28,0,0,0,0,0,0,0
JD_12650570,2021-02-28,0,0,0,0,0,0,0
JD_12650519,2021-02-28,0,0,0,0,0,0,0
JD_12650497,2021-02-28,0,0,0,0,0,0,0
JD_12650476,2021-02-28,0,0,0,0,0,0,0
JD_12650437,2021-02-28,0,0,0,0,0,0,0
JD_12650430,2021-02-28,0,0,0,0,0,0,0
JD_12650423,2021-02-28,0,0,0,0,0,0,0
JD_12650421,2021-02-28,0,0,0,0,0,0,0
JD_12650350,2021-02-28,0,0,0,0,0,0,0
JD_12650339,2021-02-28,0,0,0,0,0,0,0
JD_12650337,2021-02-28,0,0,0,0,0,0,0
JD_12650307,2021-02-28,0,0,0,0,0,0,0
JD_12650251,2021-02-28,0,0,0,0,0,0,0
JD_12650219,2021-02-28,0,0,0,0,0,0,0
JD_12650179,2021-02-28,0,0,0,0,0,0,0
JD_12650139,2021-02-28,0,0,0,0,0,0,0
JD_12650119,2021-02-28,0,0,0,0,0,0,0
JD_12650118,2021-02-28,0,0,0,0,0,0,0
