JD_12925458,2021-02-28,0,0,0,0,0,0,0
JD_12925452,2021-02-28,0,0,0,0,0,0,0
JD_12925430,2021-02-28,0,0,0,0,0,0,0
JD_12925360,2021-02-28,0,0,0,0,0,0,0
JD_12925126,2021-02-28,0,0,0,0,0,0,0
JD_12925108,2021-02-28,0,0,0,0,0,0,0
JD_12925042,2021-02-28,0,0,0,0,0,0,0
JD_12925038,2021-02-28,0,0,0,0,0,0,0
JD_12925034,2021-02-28,0,0,0,0,0,0,0
JD_12925030,2021-02-28,0,0,0,0,0,0,0
JD_12925028,2021-02-28,0,0,0,0,0,0,0
JD_12925024,2021-02-28,0,0,0,0,0,0,0
JD_12925014,2021-02-28,0,0,0,0,0,0,0
JD_12924960,2021-02-28,0,0,0,0,0,0,0
JD_12924940,2021-02-28,0,0,0,0,0,0,0
JD_12924912,2021-02-28,0,0,0,0,0,0,0
JD_12924850,2021-02-28,0,0,0,0,0,0,0
JD_12924830,2021-02-28,0,0,0,0,0,0,0
JD_12924806,2021-02-28,0,0,0,0,0,0,0
JD_12924804,2021-02-28,0,0,0,0,0,0,0
JD_12924684,2021-02-28,0,0,0,0,0,0,0
JD_12924664,2021-02-28,0,0,0,0,0,0,0
JD_12924662,2021-02-28,0,0,0,0,0,0,0
JD_12924650,2021-02-28,0,0,0,0,0,0,0
JD_12924634,2021-02-28,0,0,0,0,0,0,0
JD_12924630,2021-02-28,0,0,0,0,0,0,0
JD_12924600,2021-02-28,0,0,0,0,0,0,0
JD_12924530,2021-02-28,0,0,0,0,0,0,0
JD_12924528,2021-02-28,0,0,0,0,0,0,0
JD_12924462,2021-02-28,0,0,0,0,0,0,0
JD_12924442,2021-02-28,0,0,0,0,0,0,0
JD_12924436,2021-02-28,0,0,0,0,0,0,0
JD_12924432,2021-02-28,0,0,0,0,0,0,0
JD_12924430,2021-02-28,0,0,0,0,0,0,0
JD_12924424,2021-02-28,0,0,0,0,0,0,0
JD_12924416,2021-02-28,0,0,0,0,0,0,0
JD_12924412,2021-02-28,0,0,0,0,0,0,0
JD_12924408,2021-02-28,0,0,0,0,0,0,0
JD_12924402,2021-02-28,0,0,0,0,0,0,0
JD_12924400,2021-02-28,0,0,0,0,0,0,0
JD_12924396,2021-02-28,0,0,0,0,0,0,0
JD_12924394,2021-02-28,0,0,0,0,0,0,0
JD_12924390,2021-02-28,0,0,0,0,0,0,0
JD_12924388,2021-02-28,0,0,0,0,0,0,0
JD_12924384,2021-02-28,0,0,0,0,0,0,0
JD_12924382,2021-02-28,0,0,0,0,0,0,0
JD_12924380,2021-02-28,0,0,0,0,0,0,0
JD_12924372,2021-02-28,0,0,0,0,0,0,0
JD_12924370,2021-02-28,0,0,0,0,0,0,0
JD_12924368,2021-02-28,0,0,0,0,0,0,0
JD_12924354,2021-02-28,0,0,0,0,0,0,0
JD_12924340,2021-02-28,0,0,0,0,0,0,0
JD_12924338,2021-02-28,0,0,0,0,0,0,0
JD_12924330,2021-02-28,0,0,0,0,0,0,0
JD_12924326,2021-02-28,1,1,0,0,0,0,0
JD_12924322,2021-02-28,0,0,0,0,0,0,0
JD_12924318,2021-02-28,0,0,0,0,0,0,0
JD_12924316,2021-02-28,0,0,0,0,0,0,0
JD_12924234,2021-02-28,0,0,0,0,0,0,0
JD_12924134,2021-02-28,0,0,0,0,0,0,0
JD_12924126,2021-02-28,0,0,0,0,0,0,0
JD_12924110,2021-02-28,0,0,0,0,0,0,0
JD_12924100,2021-02-28,0,0,0,0,0,0,0
JD_12924080,2021-02-28,0,0,0,0,0,0,0
JD_12923996,2021-02-28,0,0,0,0,0,0,0
JD_12923990,2021-02-28,0,0,0,0,0,0,0
JD_12923912,2021-02-28,0,0,0,0,0,0,0
JD_12923892,2021-02-28,0,0,0,0,0,0,0
JD_12923808,2021-02-28,0,0,0,0,0,0,0
JD_12923762,2021-02-28,0,0,0,0,0,0,0
