JD_12689805,2021-02-28,0,0,0,0,0,0,0
JD_12689799,2021-02-28,0,0,0,0,0,0,0
JD_12689788,2021-02-28,0,0,0,0,0,0,0
JD_12689781,2021-02-28,0,0,0,0,0,0,0
JD_12689779,2021-02-28,0,0,0,0,0,0,0
JD_12689777,2021-02-28,0,0,0,0,0,0,0
JD_12689775,2021-02-28,0,0,0,0,0,0,0
JD_12689767,2021-02-28,1,1,0,0,0,0,0
JD_12689749,2021-02-28,0,0,0,0,0,0,0
JD_12689739,2021-02-28,0,0,0,0,0,0,0
JD_12689694,2021-02-28,0,0,0,0,0,0,0
JD_12689667,2021-02-28,0,0,0,0,0,0,0
JD_12689613,2021-02-28,2,2,0,0,0,0,0
JD_12689608,2021-02-28,0,0,0,0,0,0,0
JD_12689579,2021-02-28,0,0,0,0,0,0,0
JD_12689577,2021-02-28,0,0,0,0,0,0,0
JD_12689561,2021-02-28,0,0,0,0,0,0,0
JD_12689544,2021-02-28,0,0,0,0,0,0,0
JD_12689517,2021-02-28,0,0,0,0,0,0,0
JD_12689488,2021-02-28,0,0,0,0,0,0,0
JD_12689483,2021-02-28,0,0,0,0,0,0,0
JD_12689472,2021-02-28,0,0,0,0,0,0,0
JD_12689463,2021-02-28,1,1,0,0,0,0,0
JD_12689459,2021-02-28,0,0,0,0,0,0,0
JD_12689457,2021-02-28,0,0,0,0,0,0,0
JD_12689445,2021-02-28,0,0,0,0,0,0,0
JD_12689441,2021-02-28,0,0,0,0,0,0,0
JD_12689415,2021-02-28,0,0,0,0,0,0,0
JD_12689413,2021-02-28,0,0,0,0,0,0,0
JD_12689283,2021-02-28,0,0,0,0,0,0,0
JD_12689279,2021-02-28,0,0,0,0,0,0,0
JD_12689259,2021-02-28,0,0,0,0,0,0,0
JD_12689194,2021-02-28,0,0,0,0,0,0,0
JD_12689189,2021-02-28,0,0,0,0,0,0,0
JD_12689145,2021-02-28,0,0,0,0,0,0,0
JD_12689139,2021-02-28,0,0,0,0,0,0,0
JD_12689077,2021-02-28,0,0,0,0,0,0,0
JD_12689046,2021-02-28,0,0,0,0,0,0,0
JD_12689030,2021-02-28,0,0,0,0,0,0,0
JD_12689028,2021-02-28,0,0,0,0,0,0,0
JD_12689026,2021-02-28,0,0,0,0,0,0,0
JD_12689024,2021-02-28,0,0,0,0,0,0,0
JD_12689023,2021-02-28,0,0,0,0,0,0,0
JD_12689022,2021-02-28,0,0,0,0,0,0,0
JD_12689018,2021-02-28,0,0,0,0,0,0,0
JD_12689016,2021-02-28,0,0,0,0,0,0,0
JD_12689012,2021-02-28,0,0,0,0,0,0,0
JD_12689008,2021-02-28,0,0,0,0,0,0,0
JD_12689004,2021-02-28,0,0,0,0,0,0,0
JD_12689003,2021-02-28,0,0,0,0,0,0,0
JD_12689002,2021-02-28,0,0,0,0,0,0,0
JD_12688992,2021-02-28,0,0,0,0,0,0,0
JD_12688990,2021-02-28,0,0,0,0,0,0,0
JD_12688988,2021-02-28,0,0,0,0,0,0,0
JD_12688979,2021-02-28,0,0,0,0,0,0,0
JD_12688953,2021-02-28,0,0,0,0,0,0,0
JD_12688935,2021-02-28,0,0,0,0,0,0,0
JD_12688920,2021-02-28,0,0,0,0,0,0,0
JD_12688913,2021-02-28,0,0,0,0,0,0,0
JD_12688910,2021-02-28,0,0,0,0,0,0,0
JD_12688884,2021-02-28,0,0,0,0,0,0,0
JD_12688881,2021-02-28,0,0,0,0,0,0,0
JD_12688878,2021-02-28,0,0,0,0,0,0,0
JD_12688877,2021-02-28,0,0,0,0,0,0,0
JD_12688865,2021-02-28,0,0,0,0,0,0,0
JD_12688857,2021-02-28,0,0,0,0,0,0,0
JD_12688840,2021-02-28,0,0,0,0,0,0,0
JD_12688835,2021-02-28,0,0,0,0,0,0,0
JD_12688788,2021-02-28,0,0,0,0,0,0,0
JD_12688786,2021-02-28,0,0,0,0,0,0,0
