JD_13082030,2021-02-28,0,0,0,0,0,0,0
JD_13082026,2021-02-28,0,0,0,0,0,0,0
JD_13082024,2021-02-28,0,0,0,0,0,0,0
JD_13082022,2021-02-28,0,0,0,0,0,0,0
JD_13082014,2021-02-28,0,0,0,0,0,0,0
JD_13082012,2021-02-28,0,0,0,0,0,0,0
JD_13082008,2021-02-28,0,0,0,0,0,0,0
JD_13082006,2021-02-28,0,0,0,0,0,0,0
JD_13082002,2021-02-28,0,0,0,0,0,0,0
JD_13082000,2021-02-28,0,0,0,0,0,0,0
JD_13081996,2021-02-28,0,0,0,0,0,0,0
JD_13081992,2021-02-28,0,0,0,0,0,0,0
JD_13081990,2021-02-28,0,0,0,0,0,0,0
JD_13081988,2021-02-28,0,0,0,0,0,0,0
JD_13081984,2021-02-28,0,0,0,0,0,0,0
JD_13081980,2021-02-28,0,0,0,0,0,0,0
JD_13081978,2021-02-28,0,0,0,0,0,0,0
JD_13081976,2021-02-28,0,0,0,0,0,0,0
JD_13081974,2021-02-28,0,0,0,0,0,0,0
JD_13081970,2021-02-28,0,0,0,0,0,0,0
JD_13081966,2021-02-28,0,0,0,0,0,0,0
JD_13081964,2021-02-28,0,0,0,0,0,0,0
JD_13081962,2021-02-28,0,0,0,0,0,0,0
JD_13081958,2021-02-28,0,0,0,0,0,0,0
JD_13081950,2021-02-28,0,0,0,0,0,0,0
JD_13081946,2021-02-28,0,0,0,0,0,0,0
JD_13081944,2021-02-28,0,0,0,0,0,0,0
JD_13081942,2021-02-28,0,0,0,0,0,0,0
JD_13081936,2021-02-28,0,0,0,0,0,0,0
JD_13081932,2021-02-28,0,0,0,0,0,0,0
JD_13081930,2021-02-28,0,0,0,0,0,0,0
JD_13081928,2021-02-28,0,0,0,0,0,0,0
JD_13081922,2021-02-28,1,1,0,0,0,0,0
JD_13081918,2021-02-28,0,0,0,0,0,0,0
JD_13078486,2021-02-28,0,0,0,0,0,0,0
JD_13078484,2021-02-28,0,0,0,0,0,0,0
JD_13078482,2021-02-28,0,0,0,0,0,0,0
JD_13078480,2021-02-28,0,0,0,0,0,0,0
JD_13078476,2021-02-28,0,0,0,0,0,0,0
JD_13078466,2021-02-28,0,0,0,0,0,0,0
JD_13078452,2021-02-28,0,0,0,0,0,0,0
JD_13078448,2021-02-28,0,0,0,0,0,0,0
JD_13078440,2021-02-28,0,0,0,0,0,0,0
JD_13078438,2021-02-28,0,0,0,0,0,0,0
JD_13078434,2021-02-28,0,0,0,0,0,0,0
JD_13078432,2021-02-28,0,0,0,0,0,0,0
JD_13078424,2021-02-28,0,0,0,0,0,0,0
JD_13078412,2021-02-28,0,0,0,0,0,0,0
JD_13078410,2021-02-28,0,0,0,0,0,0,0
JD_13078404,2021-02-28,0,0,0,0,0,0,0
JD_13078392,2021-02-28,0,0,0,0,0,0,0
JD_13078382,2021-02-28,0,0,0,0,0,0,0
JD_13078374,2021-02-28,0,0,0,0,0,0,0
JD_13078368,2021-02-28,0,0,0,0,0,0,0
JD_13078366,2021-02-28,0,0,0,0,0,0,0
JD_13078354,2021-02-28,0,0,0,0,0,0,0
JD_13078352,2021-02-28,0,0,0,0,0,0,0
JD_13078350,2021-02-28,0,0,0,0,0,0,0
JD_13078346,2021-02-28,0,0,0,0,0,0,0
JD_13078344,2021-02-28,0,0,0,0,0,0,0
JD_13078338,2021-02-28,0,0,0,0,0,0,0
JD_13078330,2021-02-28,0,0,0,0,0,0,0
JD_13078322,2021-02-28,0,0,0,0,0,0,0
JD_13078318,2021-02-28,0,0,0,0,0,0,0
JD_13078316,2021-02-28,0,0,0,0,0,0,0
JD_13078306,2021-02-28,0,0,0,0,0,0,0
JD_13078304,2021-02-28,0,0,0,0,0,0,0
JD_13078302,2021-02-28,0,0,0,0,0,0,0
JD_13078298,2021-02-28,0,0,0,0,0,0,0
JD_13078294,2021-02-28,0,0,0,0,0,0,0
