JD_12550518,2021-02-28,0,0,0,0,0,0,0
JD_12550510,2021-02-28,0,0,0,0,0,0,0
JD_12550508,2021-02-28,0,0,0,0,0,0,0
JD_12550506,2021-02-28,0,0,0,0,0,0,0
JD_12550496,2021-02-28,0,0,0,0,0,0,0
JD_12550422,2021-02-28,0,0,0,0,0,0,0
JD_12550414,2021-02-28,0,0,0,0,0,0,0
JD_12550408,2021-02-28,0,0,0,0,0,0,0
JD_12550406,2021-02-28,0,0,0,0,0,0,0
JD_12550398,2021-02-28,0,0,0,0,0,0,0
JD_12550358,2021-02-28,0,0,0,0,0,0,0
JD_12550357,2021-02-28,0,0,0,0,0,0,0
JD_12550338,2021-02-28,0,0,0,0,0,0,0
JD_12550202,2021-02-28,0,0,0,0,0,0,0
JD_12550194,2021-02-28,0,0,0,0,0,0,0
JD_12550163,2021-02-28,0,0,0,0,0,0,0
JD_12550151,2021-02-28,0,0,0,0,0,0,0
JD_12549970,2021-02-28,0,0,0,0,0,0,0
JD_12549965,2021-02-28,0,0,0,0,0,0,0
JD_12549949,2021-02-28,0,0,0,0,0,0,0
JD_12549841,2021-02-28,0,0,0,0,0,0,0
JD_12549829,2021-02-28,0,0,0,0,0,0,0
JD_12549826,2021-02-28,0,0,0,0,0,0,0
JD_12549824,2021-02-28,0,0,0,0,0,0,0
JD_12549822,2021-02-28,0,0,0,0,0,0,0
JD_12549819,2021-02-28,0,0,0,0,0,0,0
JD_12549801,2021-02-28,0,0,0,0,0,0,0
JD_12549799,2021-02-28,0,0,0,0,0,0,0
JD_12549797,2021-02-28,0,0,0,0,0,0,0
JD_12549795,2021-02-28,0,0,0,0,0,0,0
JD_12549711,2021-02-28,0,0,0,0,0,0,0
JD_12549685,2021-02-28,0,0,0,0,0,0,0
JD_12549641,2021-02-28,0,0,0,0,0,0,0
JD_12549565,2021-02-28,0,0,0,0,0,0,0
JD_12549553,2021-02-28,0,0,0,0,0,0,0
JD_12549505,2021-02-28,0,0,0,0,0,0,0
JD_12549490,2021-02-28,1,1,0,0,0,0,0
JD_12549470,2021-02-28,0,0,0,0,0,0,0
JD_12549394,2021-02-28,0,0,0,0,0,0,0
JD_12549377,2021-02-28,0,0,0,0,0,0,0
JD_12549375,2021-02-28,0,0,0,0,0,0,0
JD_12549279,2021-02-28,0,0,0,0,0,0,0
JD_12549167,2021-02-28,0,0,0,0,0,0,0
JD_12549095,2021-02-28,0,0,0,0,0,0,0
JD_12549084,2021-02-28,0,0,0,0,0,0,0
JD_12549043,2021-02-28,0,0,0,0,0,0,0
JD_12549013,2021-02-28,0,0,0,0,0,0,0
JD_12548967,2021-02-28,0,0,0,0,0,0,0
JD_12548963,2021-02-28,0,0,0,0,0,0,0
JD_12548875,2021-02-28,0,0,0,0,0,0,0
JD_12548801,2021-02-28,0,0,0,0,0,0,0
JD_12548769,2021-02-28,0,0,0,0,0,0,0
JD_12548652,2021-02-28,0,0,0,0,0,0,0
JD_12548633,2021-02-28,0,0,0,0,0,0,0
JD_12548621,2021-02-28,0,0,0,0,0,0,0
JD_12548607,2021-02-28,0,0,0,0,0,0,0
JD_12548529,2021-02-28,0,0,0,0,0,0,0
JD_12548456,2021-02-28,0,0,0,0,0,0,0
JD_12548449,2021-02-28,0,0,0,0,0,0,0
JD_12548415,2021-02-28,0,0,0,0,0,0,0
JD_12548389,2021-02-28,0,0,0,0,0,0,0
JD_12548361,2021-02-28,0,0,0,0,0,0,0
JD_12548353,2021-02-28,0,0,0,0,0,0,0
JD_12548299,2021-02-28,0,0,0,0,0,0,0
JD_12548283,2021-02-28,0,0,0,0,0,0,0
JD_12548275,2021-02-28,0,0,0,0,0,0,0
JD_12548220,2021-02-28,0,0,0,0,0,0,0
JD_12548186,2021-02-28,0,0,0,0,0,0,0
JD_12548184,2021-02-28,0,0,0,0,0,0,0
JD_12548182,2021-02-28,0,0,0,0,0,0,0
