JD_12669886,2021-02-28,0,0,0,0,0,0,0
JD_12669874,2021-02-28,0,0,0,0,0,0,0
JD_12669869,2021-02-28,0,0,0,0,0,0,0
JD_12669866,2021-02-28,0,0,0,0,0,0,0
JD_12669847,2021-02-28,0,0,0,0,0,0,0
JD_12669820,2021-02-28,0,0,0,0,0,0,0
JD_12669819,2021-02-28,0,0,0,0,0,0,0
JD_12669782,2021-02-28,0,0,0,0,0,0,0
JD_12669775,2021-02-28,0,0,0,0,0,0,0
JD_12669770,2021-02-28,0,0,0,0,0,0,0
JD_12669760,2021-02-28,0,0,0,0,0,0,0
JD_12669752,2021-02-28,0,0,0,0,0,0,0
JD_12669740,2021-02-28,0,0,0,0,0,0,0
JD_12669730,2021-02-28,0,0,0,0,0,0,0
JD_12669727,2021-02-28,0,0,0,0,0,0,0
JD_12669714,2021-02-28,0,0,0,0,0,0,0
JD_12669711,2021-02-28,0,0,0,0,0,0,0
JD_12669697,2021-02-28,0,0,0,0,0,0,0
JD_12669691,2021-02-28,0,0,0,0,0,0,0
JD_12669689,2021-02-28,0,0,0,0,0,0,0
JD_12669677,2021-02-28,0,0,0,0,0,0,0
JD_12669658,2021-02-28,0,0,0,0,0,0,0
JD_12669656,2021-02-28,0,0,0,0,0,0,0
JD_12669647,2021-02-28,0,0,0,0,0,0,0
JD_12669641,2021-02-28,0,0,0,0,0,0,0
JD_12669637,2021-02-28,0,0,0,0,0,0,0
JD_12669620,2021-02-28,0,0,0,0,0,0,0
JD_12669608,2021-02-28,0,0,0,0,0,0,0
JD_12669603,2021-02-28,0,0,0,0,0,0,0
JD_12669595,2021-02-28,0,0,0,0,0,0,0
JD_12669572,2021-02-28,0,0,0,0,0,0,0
JD_12669570,2021-02-28,0,0,0,0,0,0,0
JD_12669567,2021-02-28,0,0,0,0,0,0,0
JD_12669552,2021-02-28,0,0,0,0,0,0,0
JD_12669533,2021-02-28,0,0,0,0,0,0,0
JD_12669513,2021-02-28,0,0,0,0,0,0,0
JD_12669509,2021-02-28,0,0,0,0,0,0,0
JD_12669503,2021-02-28,0,0,0,0,0,0,0
JD_12669502,2021-02-28,0,0,0,0,0,0,0
JD_12669485,2021-02-28,0,0,0,0,0,0,0
JD_12669483,2021-02-28,0,0,0,0,0,0,0
JD_12669478,2021-02-28,0,0,0,0,0,0,0
JD_12669467,2021-02-28,0,0,0,0,0,0,0
JD_12669465,2021-02-28,0,0,0,0,0,0,0
JD_12669423,2021-02-28,0,0,0,0,0,0,0
JD_12669421,2021-02-28,0,0,0,0,0,0,0
JD_12669415,2021-02-28,0,0,0,0,0,0,0
JD_12669411,2021-02-28,0,0,0,0,0,0,0
JD_12669407,2021-02-28,0,0,0,0,0,0,0
JD_12669405,2021-02-28,0,0,0,0,0,0,0
JD_12669399,2021-02-28,0,0,0,0,0,0,0
JD_12669395,2021-02-28,0,0,0,0,0,0,0
JD_12669391,2021-02-28,0,0,0,0,0,0,0
JD_12669388,2021-02-28,0,0,0,0,0,0,0
JD_12669331,2021-02-28,0,0,0,0,0,0,0
JD_12669310,2021-02-28,0,0,0,0,0,0,0
JD_12669270,2021-02-28,0,0,0,0,0,0,0
JD_12669183,2021-02-28,0,0,0,0,0,0,0
JD_12669120,2021-02-28,0,0,0,0,0,0,0
JD_12669062,2021-02-28,0,0,0,0,0,0,0
JD_12669048,2021-02-28,0,0,0,0,0,0,0
JD_12668983,2021-02-28,0,0,0,0,0,0,0
JD_12668952,2021-02-28,0,0,0,0,0,0,0
JD_12668934,2021-02-28,0,0,0,0,0,0,0
JD_12668932,2021-02-28,0,0,0,0,0,0,0
JD_12668915,2021-02-28,0,0,0,0,0,0,0
JD_12668884,2021-02-28,0,0,0,0,0,0,0
JD_12668880,2021-02-28,0,0,0,0,0,0,0
JD_12668855,2021-02-28,0,0,0,0,0,0,0
JD_12668849,2021-02-28,0,0,0,0,0,0,0
