JD_12634452,2021-02-28,0,0,0,0,0,0,0
JD_12634420,2021-02-28,0,0,0,0,0,0,0
JD_12634405,2021-02-28,0,0,0,0,0,0,0
JD_12634395,2021-02-28,0,0,0,0,0,0,0
JD_12634382,2021-02-28,0,0,0,0,0,0,0
JD_12634364,2021-02-28,0,0,0,0,0,0,0
JD_12634354,2021-02-28,0,0,0,0,0,0,0
JD_12634297,2021-02-28,0,0,0,0,0,0,0
JD_12634227,2021-02-28,0,0,0,0,0,0,0
JD_12634224,2021-02-28,0,0,0,0,0,0,0
JD_12634203,2021-02-28,0,0,0,0,0,0,0
JD_12634201,2021-02-28,0,0,0,0,0,0,0
JD_12634165,2021-02-28,0,0,0,0,0,0,0
JD_12634159,2021-02-28,0,0,0,0,0,0,0
JD_12634153,2021-02-28,0,0,0,0,0,0,0
JD_12634151,2021-02-28,0,0,0,0,0,0,0
JD_12634149,2021-02-28,0,0,0,0,0,0,0
JD_12634147,2021-02-28,0,0,0,0,0,0,0
JD_12634145,2021-02-28,0,0,0,0,0,0,0
JD_12634139,2021-02-28,0,0,0,0,0,0,0
JD_12634131,2021-02-28,0,0,0,0,0,0,0
JD_12634129,2021-02-28,0,0,0,0,0,0,0
JD_12634126,2021-02-28,0,0,0,0,0,0,0
JD_12634104,2021-02-28,0,0,0,0,0,0,0
JD_12634099,2021-02-28,0,0,0,0,0,0,0
JD_12634094,2021-02-28,0,0,0,0,0,0,0
JD_12634093,2021-02-28,0,0,0,0,0,0,0
JD_12634092,2021-02-28,0,0,0,0,0,0,0
JD_12634090,2021-02-28,0,0,0,0,0,0,0
JD_12634081,2021-02-28,0,0,0,0,0,0,0
JD_12634071,2021-02-28,0,0,0,0,0,0,0
JD_12634070,2021-02-28,0,0,0,0,0,0,0
JD_12634068,2021-02-28,0,0,0,0,0,0,0
JD_12634067,2021-02-28,0,0,0,0,0,0,0
JD_12634045,2021-02-28,0,0,0,0,0,0,0
JD_12633959,2021-02-28,0,0,0,0,0,0,0
JD_12633931,2021-02-28,0,0,0,0,0,0,0
JD_12633923,2021-02-28,0,0,0,0,0,0,0
JD_12633917,2021-02-28,0,0,0,0,0,0,0
JD_12633913,2021-02-28,0,0,0,0,0,0,0
JD_12633912,2021-02-28,0,0,0,0,0,0,0
JD_12633909,2021-02-28,0,0,0,0,0,0,0
JD_12633905,2021-02-28,0,0,0,0,0,0,0
JD_12633899,2021-02-28,0,0,0,0,0,0,0
JD_12633889,2021-02-28,0,0,0,0,0,0,0
JD_12633883,2021-02-28,0,0,0,0,0,0,0
JD_12633873,2021-02-28,0,0,0,0,0,0,0
JD_12633855,2021-02-28,0,0,0,0,0,0,0
JD_12633827,2021-02-28,0,0,0,0,0,0,0
JD_12633793,2021-02-28,0,0,0,0,0,0,0
JD_12633791,2021-02-28,0,0,0,0,0,0,0
JD_12633764,2021-02-28,0,0,0,0,0,0,0
JD_12633759,2021-02-28,0,0,0,0,0,0,0
JD_12633740,2021-02-28,0,0,0,0,0,0,0
JD_12633730,2021-02-28,0,0,0,0,0,0,0
JD_12633724,2021-02-28,0,0,0,0,0,0,0
JD_12633712,2021-02-28,0,0,0,0,0,0,0
JD_12633687,2021-02-28,0,0,0,0,0,0,0
JD_12633617,2021-02-28,0,0,0,0,0,0,0
JD_12633583,2021-02-28,0,0,0,0,0,0,0
JD_12633517,2021-02-28,0,0,0,0,0,0,0
JD_12633515,2021-02-28,0,0,0,0,0,0,0
JD_12633489,2021-02-28,0,0,0,0,0,0,0
JD_12633473,2021-02-28,0,0,0,0,0,0,0
JD_12633471,2021-02-28,0,0,0,0,0,0,0
JD_12633469,2021-02-28,0,0,0,0,0,0,0
JD_12633465,2021-02-28,0,0,0,0,0,0,0
JD_12633463,2021-02-28,0,0,0,0,0,0,0
JD_12633437,2021-02-28,0,0,0,0,0,0,0
JD_12633425,2021-02-28,0,0,0,0,0,0,0
