JD_12763505,2021-02-28,0,0,0,0,0,0,0
JD_12763503,2021-02-28,0,0,0,0,0,0,0
JD_12763502,2021-02-28,0,0,0,0,0,0,0
JD_12763499,2021-02-28,0,0,0,0,0,0,0
JD_12763491,2021-02-28,0,0,0,0,0,0,0
JD_12763489,2021-02-28,0,0,0,0,0,0,0
JD_12763486,2021-02-28,0,0,0,0,0,0,0
JD_12763485,2021-02-28,0,0,0,0,0,0,0
JD_12763479,2021-02-28,0,0,0,0,0,0,0
JD_12763478,2021-02-28,0,0,0,0,0,0,0
JD_12763476,2021-02-28,0,0,0,0,0,0,0
JD_12763473,2021-02-28,0,0,0,0,0,0,0
JD_12763472,2021-02-28,0,0,0,0,0,0,0
JD_12763471,2021-02-28,0,0,0,0,0,0,0
JD_12763467,2021-02-28,0,0,0,0,0,0,0
JD_12763463,2021-02-28,0,0,0,0,0,0,0
JD_12763461,2021-02-28,0,0,0,0,0,0,0
JD_12763459,2021-02-28,0,0,0,0,0,0,0
JD_12763421,2021-02-28,1,1,0,0,0,0,0
JD_12763415,2021-02-28,0,0,0,0,0,0,0
JD_12763405,2021-02-28,1,1,0,0,0,0,0
JD_12763378,2021-02-28,0,0,0,0,0,0,0
JD_12763351,2021-02-28,0,0,0,0,0,0,0
JD_12763323,2021-02-28,0,0,0,0,0,0,0
JD_12763311,2021-02-28,0,0,0,0,0,0,0
JD_12763309,2021-02-28,0,0,0,0,0,0,0
JD_12763307,2021-02-28,0,0,0,0,0,0,0
JD_12763303,2021-02-28,0,0,0,0,0,0,0
JD_12763297,2021-02-28,0,0,0,0,0,0,0
JD_12763287,2021-02-28,0,0,0,0,0,0,0
JD_12763277,2021-02-28,0,0,0,0,0,0,0
JD_12763275,2021-02-28,0,0,0,0,0,0,0
JD_12763269,2021-02-28,0,0,0,0,0,0,0
JD_12763257,2021-02-28,0,0,0,0,0,0,0
JD_12763249,2021-02-28,1,1,0,0,0,0,0
JD_12763245,2021-02-28,0,0,0,0,0,0,0
JD_12763237,2021-02-28,0,0,0,0,0,0,0
JD_12763210,2021-02-28,0,0,0,0,0,0,0
JD_12763182,2021-02-28,0,0,0,0,0,0,0
JD_12763176,2021-02-28,0,0,0,0,0,0,0
JD_12763164,2021-02-28,0,0,0,0,0,0,0
JD_12763156,2021-02-28,0,0,0,0,0,0,0
JD_12763144,2021-02-28,0,0,0,0,0,0,0
JD_12763137,2021-02-28,0,0,0,0,0,0,0
JD_12763118,2021-02-28,0,0,0,0,0,0,0
JD_12763105,2021-02-28,0,0,0,0,0,0,0
JD_12763100,2021-02-28,0,0,0,0,0,0,0
JD_12763093,2021-02-28,0,0,0,0,0,0,0
JD_12763087,2021-02-28,0,0,0,0,0,0,0
JD_12763085,2021-02-28,0,0,0,0,0,0,0
JD_12763084,2021-02-28,0,0,0,0,0,0,0
JD_12763071,2021-02-28,0,0,0,0,0,0,0
JD_12763069,2021-02-28,0,0,0,0,0,0,0
JD_12763067,2021-02-28,0,0,0,0,0,0,0
JD_12763065,2021-02-28,0,0,0,0,0,0,0
JD_12763063,2021-02-28,0,0,0,0,0,0,0
JD_12763059,2021-02-28,0,0,0,0,0,0,0
JD_12763055,2021-02-28,0,0,0,0,0,0,0
JD_12763039,2021-02-28,0,0,0,0,0,0,0
JD_12763027,2021-02-28,0,0,0,0,0,0,0
JD_12763011,2021-02-28,0,0,0,0,0,0,0
JD_12763007,2021-02-28,0,0,0,0,0,0,0
JD_12763003,2021-02-28,1,1,0,0,0,0,0
JD_12763000,2021-02-28,0,0,0,0,0,0,0
JD_12762993,2021-02-28,0,0,0,0,0,0,0
JD_12762986,2021-02-28,0,0,0,0,0,0,0
JD_12762979,2021-02-28,0,0,0,0,0,0,0
JD_12762975,2021-02-28,0,0,0,0,0,0,0
JD_12762974,2021-02-28,0,0,0,0,0,0,0
JD_12762970,2021-02-28,0,0,0,0,0,0,0
