JD_12642530,2021-02-28,0,0,0,0,0,0,0
JD_12642526,2021-02-28,0,0,0,0,0,0,0
JD_12642497,2021-02-28,0,0,0,0,0,0,0
JD_12642453,2021-02-28,0,0,0,0,0,0,0
JD_12642427,2021-02-28,0,0,0,0,0,0,0
JD_12642402,2021-02-28,0,0,0,0,0,0,0
JD_12642397,2021-02-28,0,0,0,0,0,0,0
JD_12642383,2021-02-28,0,0,0,0,0,0,0
JD_12642370,2021-02-28,0,0,0,0,0,0,0
JD_12642368,2021-02-28,0,0,0,0,0,0,0
JD_12642366,2021-02-28,0,0,0,0,0,0,0
JD_12642364,2021-02-28,0,0,0,0,0,0,0
JD_12642362,2021-02-28,0,0,0,0,0,0,0
JD_12642360,2021-02-28,0,0,0,0,0,0,0
JD_12642358,2021-02-28,0,0,0,0,0,0,0
JD_12642356,2021-02-28,0,0,0,0,0,0,0
JD_12642354,2021-02-28,0,0,0,0,0,0,0
JD_12642345,2021-02-28,0,0,0,0,0,0,0
JD_12642336,2021-02-28,0,0,0,0,0,0,0
JD_12642267,2021-02-28,0,0,0,0,0,0,0
JD_12642233,2021-02-28,0,0,0,0,0,0,0
JD_12642225,2021-02-28,0,0,0,0,0,0,0
JD_12642140,2021-02-28,0,0,0,0,0,0,0
JD_12642135,2021-02-28,0,0,0,0,0,0,0
JD_12642125,2021-02-28,0,0,0,0,0,0,0
JD_12642115,2021-02-28,0,0,0,0,0,0,0
JD_12642110,2021-02-28,0,0,0,0,0,0,0
JD_12642097,2021-02-28,0,0,0,0,0,0,0
JD_12642089,2021-02-28,0,0,0,0,0,0,0
JD_12642069,2021-02-28,0,0,0,0,0,0,0
JD_12642040,2021-02-28,0,0,0,0,0,0,0
JD_12642036,2021-02-28,0,0,0,0,0,0,0
JD_12642015,2021-02-28,0,0,0,0,0,0,0
JD_12642009,2021-02-28,0,0,0,0,0,0,0
JD_12641990,2021-02-28,0,0,0,0,0,0,0
JD_12641985,2021-02-28,0,0,0,0,0,0,0
JD_12641952,2021-02-28,0,0,0,0,0,0,0
JD_12641933,2021-02-28,0,0,0,0,0,0,0
JD_12641931,2021-02-28,0,0,0,0,0,0,0
JD_12641929,2021-02-28,0,0,0,0,0,0,0
JD_12641917,2021-02-28,0,0,0,0,0,0,0
JD_12641913,2021-02-28,0,0,0,0,0,0,0
JD_12641900,2021-02-28,0,0,0,0,0,0,0
JD_12641843,2021-02-28,0,0,0,0,0,0,0
JD_12641746,2021-02-28,0,0,0,0,0,0,0
JD_12641742,2021-02-28,0,0,0,0,0,0,0
JD_12641734,2021-02-28,0,0,0,0,0,0,0
JD_12641728,2021-02-28,0,0,0,0,0,0,0
JD_12641652,2021-02-28,0,0,0,0,0,0,0
JD_12641642,2021-02-28,1,1,0,0,0,0,0
JD_12641619,2021-02-28,0,0,0,0,0,0,0
JD_12641605,2021-02-28,0,0,0,0,0,0,0
JD_12641589,2021-02-28,0,0,0,0,0,0,0
JD_12641587,2021-02-28,0,0,0,0,0,0,0
JD_12641557,2021-02-28,0,0,0,0,0,0,0
JD_12641548,2021-02-28,0,0,0,0,0,0,0
JD_12641547,2021-02-28,0,0,0,0,0,0,0
JD_12641545,2021-02-28,0,0,0,0,0,0,0
JD_12641537,2021-02-28,0,0,0,0,0,0,0
JD_12641433,2021-02-28,0,0,0,0,0,0,0
JD_12641414,2021-02-28,0,0,0,0,0,0,0
JD_12641410,2021-02-28,0,0,0,0,0,0,0
JD_12641408,2021-02-28,0,0,0,0,0,0,0
JD_12641380,2021-02-28,0,0,0,0,0,0,0
JD_12641363,2021-02-28,0,0,0,0,0,0,0
JD_12641339,2021-02-28,0,0,0,0,0,0,0
JD_12641301,2021-02-28,0,0,0,0,0,0,0
JD_12641299,2021-02-28,0,0,0,0,0,0,0
JD_12641271,2021-02-28,0,0,0,0,0,0,0
JD_12641221,2021-02-28,0,0,0,0,0,0,0
