JD_12765021,2021-02-28,0,0,0,0,0,0,0
JD_12765006,2021-02-28,0,0,0,0,0,0,0
JD_12764975,2021-02-28,0,0,0,0,0,0,0
JD_12764960,2021-02-28,0,0,0,0,0,0,0
JD_12764951,2021-02-28,0,0,0,0,0,0,0
JD_12764949,2021-02-28,0,0,0,0,0,0,0
JD_12764903,2021-02-28,0,0,0,0,0,0,0
JD_12764893,2021-02-28,0,0,0,0,0,0,0
JD_12764889,2021-02-28,0,0,0,0,0,0,0
JD_12764885,2021-02-28,0,0,0,0,0,0,0
JD_12764883,2021-02-28,0,0,0,0,0,0,0
JD_12764873,2021-02-28,0,0,0,0,0,0,0
JD_12764853,2021-02-28,0,0,0,0,0,0,0
JD_12764849,2021-02-28,0,0,0,0,0,0,0
JD_12764837,2021-02-28,0,0,0,0,0,0,0
JD_12764803,2021-02-28,0,0,0,0,0,0,0
JD_12764799,2021-02-28,0,0,0,0,0,0,0
JD_12764771,2021-02-28,0,0,0,0,0,0,0
JD_12764753,2021-02-28,0,0,0,0,0,0,0
JD_12764723,2021-02-28,0,0,0,0,0,0,0
JD_12764713,2021-02-28,0,0,0,0,0,0,0
JD_12764697,2021-02-28,0,0,0,0,0,0,0
JD_12764677,2021-02-28,0,0,0,0,0,0,0
JD_12764676,2021-02-28,0,0,0,0,0,0,0
JD_12764669,2021-02-28,0,0,0,0,0,0,0
JD_12764657,2021-02-28,0,0,0,0,0,0,0
JD_12764644,2021-02-28,0,0,0,0,0,0,0
JD_12764641,2021-02-28,0,0,0,0,0,0,0
JD_12764637,2021-02-28,0,0,0,0,0,0,0
JD_12764625,2021-02-28,0,0,0,0,0,0,0
JD_12764616,2021-02-28,0,0,0,0,0,0,0
JD_12764614,2021-02-28,0,0,0,0,0,0,0
JD_12764612,2021-02-28,0,0,0,0,0,0,0
JD_12764608,2021-02-28,0,0,0,0,0,0,0
JD_12764604,2021-02-28,0,0,0,0,0,0,0
JD_12764602,2021-02-28,0,0,0,0,0,0,0
JD_12764567,2021-02-28,0,0,0,0,0,0,0
JD_12764566,2021-02-28,0,0,0,0,0,0,0
JD_12764564,2021-02-28,0,0,0,0,0,0,0
JD_12764556,2021-02-28,0,0,0,0,0,0,0
JD_12764548,2021-02-28,0,0,0,0,0,0,0
JD_12764538,2021-02-28,0,0,0,0,0,0,0
JD_12764536,2021-02-28,0,0,0,0,0,0,0
JD_12764529,2021-02-28,0,0,0,0,0,0,0
JD_12764525,2021-02-28,0,0,0,0,0,0,0
JD_12764524,2021-02-28,0,0,0,0,0,0,0
JD_12764508,2021-02-28,0,0,0,0,0,0,0
JD_12764497,2021-02-28,0,0,0,0,0,0,0
JD_12764489,2021-02-28,0,0,0,0,0,0,0
JD_12764487,2021-02-28,0,0,0,0,0,0,0
JD_12764485,2021-02-28,0,0,0,0,0,0,0
JD_12764483,2021-02-28,0,0,0,0,0,0,0
JD_12764471,2021-02-28,0,0,0,0,0,0,0
JD_12764461,2021-02-28,0,0,0,0,0,0,0
JD_12764453,2021-02-28,0,0,0,0,0,0,0
JD_12764443,2021-02-28,0,0,0,0,0,0,0
JD_12764441,2021-02-28,0,0,0,0,0,0,0
JD_12764439,2021-02-28,0,0,0,0,0,0,0
JD_12764429,2021-02-28,0,0,0,0,0,0,0
JD_12764423,2021-02-28,0,0,0,0,0,0,0
JD_12764417,2021-02-28,0,0,0,0,0,0,0
JD_12764415,2021-02-28,0,0,0,0,0,0,0
JD_12764413,2021-02-28,0,0,0,0,0,0,0
JD_12764383,2021-02-28,0,0,0,0,0,0,0
JD_12764378,2021-02-28,0,0,0,0,0,0,0
JD_12764371,2021-02-28,0,0,0,0,0,0,0
JD_12764367,2021-02-28,0,0,0,0,0,0,0
JD_12764363,2021-02-28,0,0,0,0,0,0,0
JD_12764361,2021-02-28,0,0,0,0,0,0,0
JD_12764339,2021-02-28,0,0,0,0,0,0,0
