JD_12647412,2021-02-28,0,0,0,0,0,0,0
JD_12647391,2021-02-28,0,0,0,0,0,0,0
JD_12647389,2021-02-28,0,0,0,0,0,0,0
JD_12647387,2021-02-28,0,0,0,0,0,0,0
JD_12647386,2021-02-28,0,0,0,0,0,0,0
JD_12647376,2021-02-28,0,0,0,0,0,0,0
JD_12647372,2021-02-28,0,0,0,0,0,0,0
JD_12647310,2021-02-28,1,1,0,0,0,0,0
JD_12647272,2021-02-28,0,0,0,0,0,0,0
JD_12647267,2021-02-28,0,0,0,0,0,0,0
JD_12647260,2021-02-28,0,0,0,0,0,0,0
JD_12647246,2021-02-28,0,0,0,0,0,0,0
JD_12647226,2021-02-28,0,0,0,0,0,0,0
JD_12647222,2021-02-28,0,0,0,0,0,0,0
JD_12647188,2021-02-28,0,0,0,0,0,0,0
JD_12647179,2021-02-28,0,0,0,0,0,0,0
JD_12647175,2021-02-28,0,0,0,0,0,0,0
JD_12647163,2021-02-28,0,0,0,0,0,0,0
JD_12647156,2021-02-28,0,0,0,0,0,0,0
JD_12647142,2021-02-28,0,0,0,0,0,0,0
JD_12647122,2021-02-28,0,0,0,0,0,0,0
JD_12647102,2021-02-28,0,0,0,0,0,0,0
JD_12647018,2021-02-28,0,0,0,0,0,0,0
JD_12647011,2021-02-28,0,0,0,0,0,0,0
JD_12647007,2021-02-28,0,0,0,0,0,0,0
JD_12646988,2021-02-28,0,0,0,0,0,0,0
JD_12646979,2021-02-28,0,0,0,0,0,0,0
JD_12646971,2021-02-28,0,0,0,0,0,0,0
JD_12646967,2021-02-28,0,0,0,0,0,0,0
JD_12646961,2021-02-28,0,0,0,0,0,0,0
JD_12646956,2021-02-28,0,0,0,0,0,0,0
JD_12646947,2021-02-28,0,0,0,0,0,0,0
JD_12646945,2021-02-28,0,0,0,0,0,0,0
JD_12646941,2021-02-28,0,0,0,0,0,0,0
JD_12646939,2021-02-28,0,0,0,0,0,0,0
JD_12646935,2021-02-28,0,0,0,0,0,0,0
JD_12646931,2021-02-28,0,0,0,0,0,0,0
JD_12646929,2021-02-28,0,0,0,0,0,0,0
JD_12646925,2021-02-28,0,0,0,0,0,0,0
JD_12646924,2021-02-28,0,0,0,0,0,0,0
JD_12646923,2021-02-28,0,0,0,0,0,0,0
JD_12646921,2021-02-28,0,0,0,0,0,0,0
JD_12646917,2021-02-28,0,0,0,0,0,0,0
JD_12646911,2021-02-28,0,0,0,0,0,0,0
JD_12646905,2021-02-28,0,0,0,0,0,0,0
JD_12646903,2021-02-28,0,0,0,0,0,0,0
JD_12646887,2021-02-28,0,0,0,0,0,0,0
JD_12646885,2021-02-28,0,0,0,0,0,0,0
JD_12646881,2021-02-28,0,0,0,0,0,0,0
JD_12646859,2021-02-28,0,0,0,0,0,0,0
JD_12646857,2021-02-28,0,0,0,0,0,0,0
JD_12646855,2021-02-28,0,0,0,0,0,0,0
JD_12646853,2021-02-28,0,0,0,0,0,0,0
JD_12646845,2021-02-28,0,0,0,0,0,0,0
JD_12646844,2021-02-28,0,0,0,0,0,0,0
JD_12646841,2021-02-28,0,0,0,0,0,0,0
JD_12646819,2021-02-28,0,0,0,0,0,0,0
JD_12646815,2021-02-28,0,0,0,0,0,0,0
JD_12646813,2021-02-28,0,0,0,0,0,0,0
JD_12646807,2021-02-28,0,0,0,0,0,0,0
JD_12646805,2021-02-28,0,0,0,0,0,0,0
JD_12646803,2021-02-28,0,0,0,0,0,0,0
JD_12646801,2021-02-28,0,0,0,0,0,0,0
JD_12646799,2021-02-28,0,0,0,0,0,0,0
JD_12646791,2021-02-28,0,0,0,0,0,0,0
JD_12646786,2021-02-28,0,0,0,0,0,0,0
JD_12646769,2021-02-28,0,0,0,0,0,0,0
JD_12646765,2021-02-28,0,0,0,0,0,0,0
JD_12646753,2021-02-28,0,0,0,0,0,0,0
JD_12646729,2021-02-28,0,0,0,0,0,0,0
