JD_12713907,2021-02-28,0,0,0,0,0,0,0
JD_12713903,2021-02-28,0,0,0,0,0,0,0
JD_12713897,2021-02-28,0,0,0,0,0,0,0
JD_12713883,2021-02-28,0,0,0,0,0,0,0
JD_12713841,2021-02-28,0,0,0,0,0,0,0
JD_12713836,2021-02-28,0,0,0,0,0,0,0
JD_12713831,2021-02-28,0,0,0,0,0,0,0
JD_12713825,2021-02-28,0,0,0,0,0,0,0
JD_12713793,2021-02-28,0,0,0,0,0,0,0
JD_12713779,2021-02-28,0,0,0,0,0,0,0
JD_12713771,2021-02-28,0,0,0,0,0,0,0
JD_12713753,2021-02-28,0,0,0,0,0,0,0
JD_12713745,2021-02-28,1,1,0,0,0,0,0
JD_12713689,2021-02-28,0,0,0,0,0,0,0
JD_12713687,2021-02-28,0,0,0,0,0,0,0
JD_12713685,2021-02-28,0,0,0,0,0,0,0
JD_12713683,2021-02-28,0,0,0,0,0,0,0
JD_12713681,2021-02-28,0,0,0,0,0,0,0
JD_12713646,2021-02-28,0,0,0,0,0,0,0
JD_12713594,2021-02-28,0,0,0,0,0,0,0
JD_12713585,2021-02-28,0,0,0,0,0,0,0
JD_12713583,2021-02-28,0,0,0,0,0,0,0
JD_12713529,2021-02-28,0,0,0,0,0,0,0
JD_12713526,2021-02-28,0,0,0,0,0,0,0
JD_12713524,2021-02-28,0,0,0,0,0,0,0
JD_12713522,2021-02-28,0,0,0,0,0,0,0
JD_12713518,2021-02-28,0,0,0,0,0,0,0
JD_12713516,2021-02-28,0,0,0,0,0,0,0
JD_12713514,2021-02-28,0,0,0,0,0,0,0
JD_12713512,2021-02-28,0,0,0,0,0,0,0
JD_12713510,2021-02-28,0,0,0,0,0,0,0
JD_12713506,2021-02-28,0,0,0,0,0,0,0
JD_12713504,2021-02-28,0,0,0,0,0,0,0
JD_12713481,2021-02-28,0,0,0,0,0,0,0
JD_12713464,2021-02-28,0,0,0,0,0,0,0
JD_12713462,2021-02-28,0,0,0,0,0,0,0
JD_12713438,2021-02-28,0,0,0,0,0,0,0
JD_12713425,2021-02-28,0,0,0,0,0,0,0
JD_12713408,2021-02-28,0,0,0,0,0,0,0
JD_12713399,2021-02-28,0,0,0,0,0,0,0
JD_12713395,2021-02-28,0,0,0,0,0,0,0
JD_12713391,2021-02-28,0,0,0,0,0,0,0
JD_12713375,2021-02-28,0,0,0,0,0,0,0
JD_12713345,2021-02-28,0,0,0,0,0,0,0
JD_12713329,2021-02-28,0,0,0,0,0,0,0
JD_12713327,2021-02-28,0,0,0,0,0,0,0
JD_12713313,2021-02-28,0,0,0,0,0,0,0
JD_12713309,2021-02-28,0,0,0,0,0,0,0
JD_12713303,2021-02-28,0,0,0,0,0,0,0
JD_12713301,2021-02-28,0,0,0,0,0,0,0
JD_12713287,2021-02-28,0,0,0,0,0,0,0
JD_12713285,2021-02-28,0,0,0,0,0,0,0
JD_12713279,2021-02-28,0,0,0,0,0,0,0
JD_12713273,2021-02-28,0,0,0,0,0,0,0
JD_12713269,2021-02-28,0,0,0,0,0,0,0
JD_12713267,2021-02-28,0,0,0,0,0,0,0
JD_12713225,2021-02-28,0,0,0,0,0,0,0
JD_12713215,2021-02-28,0,0,0,0,0,0,0
JD_12713214,2021-02-28,0,0,0,0,0,0,0
JD_12713213,2021-02-28,0,0,0,0,0,0,0
JD_12713198,2021-02-28,0,0,0,0,0,0,0
JD_12713192,2021-02-28,0,0,0,0,0,0,0
JD_12713185,2021-02-28,0,0,0,0,0,0,0
JD_12713166,2021-02-28,0,0,0,0,0,0,0
JD_12713163,2021-02-28,0,0,0,0,0,0,0
JD_12713156,2021-02-28,0,0,0,0,0,0,0
JD_12713155,2021-02-28,0,0,0,0,0,0,0
JD_12713151,2021-02-28,0,0,0,0,0,0,0
JD_12713131,2021-02-28,0,0,0,0,0,0,0
JD_12713128,2021-02-28,0,0,0,0,0,0,0
