JD_13100210,2021-02-28,0,0,0,0,0,0,0
JD_13100208,2021-02-28,0,0,0,0,0,0,0
JD_13100196,2021-02-28,0,0,0,0,0,0,0
JD_13100194,2021-02-28,0,0,0,0,0,0,0
JD_13100180,2021-02-28,0,0,0,0,0,0,0
JD_13100178,2021-02-28,0,0,0,0,0,0,0
JD_13100174,2021-02-28,0,0,0,0,0,0,0
JD_13100170,2021-02-28,0,0,0,0,0,0,0
JD_13100168,2021-02-28,0,0,0,0,0,0,0
JD_13100164,2021-02-28,0,0,0,0,0,0,0
JD_13100162,2021-02-28,0,0,0,0,0,0,0
JD_13100154,2021-02-28,0,0,0,0,0,0,0
JD_13093732,2021-02-28,0,0,0,0,0,0,0
JD_13093726,2021-02-28,0,0,0,0,0,0,0
JD_13093720,2021-02-28,0,0,0,0,0,0,0
JD_13093718,2021-02-28,0,0,0,0,0,0,0
JD_13093716,2021-02-28,0,0,0,0,0,0,0
