JD_12664438,2021-02-28,0,0,0,0,0,0,0
JD_12664345,2021-02-28,0,0,0,0,0,0,0
JD_12664331,2021-02-28,0,0,0,0,0,0,0
JD_12664316,2021-02-28,0,0,0,0,0,0,0
JD_12664310,2021-02-28,0,0,0,0,0,0,0
JD_12664305,2021-02-28,0,0,0,0,0,0,0
JD_12664292,2021-02-28,0,0,0,0,0,0,0
JD_12664286,2021-02-28,0,0,0,0,0,0,0
JD_12664285,2021-02-28,0,0,0,0,0,0,0
JD_12664246,2021-02-28,0,0,0,0,0,0,0
JD_12664210,2021-02-28,0,0,0,0,0,0,0
JD_12664192,2021-02-28,0,0,0,0,0,0,0
JD_12664182,2021-02-28,0,0,0,0,0,0,0
JD_12664178,2021-02-28,0,0,0,0,0,0,0
JD_12664171,2021-02-28,0,0,0,0,0,0,0
JD_12664165,2021-02-28,0,0,0,0,0,0,0
JD_12664163,2021-02-28,0,0,0,0,0,0,0
JD_12664157,2021-02-28,0,0,0,0,0,0,0
JD_12664147,2021-02-28,0,0,0,0,0,0,0
JD_12664145,2021-02-28,0,0,0,0,0,0,0
JD_12664143,2021-02-28,0,0,0,0,0,0,0
JD_12664141,2021-02-28,0,0,0,0,0,0,0
JD_12664125,2021-02-28,0,0,0,0,0,0,0
JD_12664107,2021-02-28,0,0,0,0,0,0,0
JD_12664101,2021-02-28,0,0,0,0,0,0,0
JD_12664100,2021-02-28,0,0,0,0,0,0,0
JD_12664099,2021-02-28,0,0,0,0,0,0,0
JD_12664095,2021-02-28,0,0,0,0,0,0,0
JD_12664091,2021-02-28,0,0,0,0,0,0,0
JD_12664089,2021-02-28,0,0,0,0,0,0,0
JD_12664066,2021-02-28,0,0,0,0,0,0,0
JD_12664052,2021-02-28,0,0,0,0,0,0,0
JD_12663884,2021-02-28,0,0,0,0,0,0,0
JD_12663809,2021-02-28,0,0,0,0,0,0,0
JD_12663787,2021-02-28,0,0,0,0,0,0,0
JD_12663730,2021-02-28,0,0,0,0,0,0,0
JD_12663692,2021-02-28,0,0,0,0,0,0,0
JD_12663684,2021-02-28,0,0,0,0,0,0,0
JD_12663654,2021-02-28,0,0,0,0,0,0,0
JD_12663642,2021-02-28,0,0,0,0,0,0,0
JD_12663635,2021-02-28,0,0,0,0,0,0,0
JD_12663627,2021-02-28,0,0,0,0,0,0,0
JD_12663621,2021-02-28,0,0,0,0,0,0,0
JD_12663585,2021-02-28,0,0,0,0,0,0,0
JD_12663583,2021-02-28,0,0,0,0,0,0,0
JD_12663575,2021-02-28,0,0,0,0,0,0,0
JD_12663571,2021-02-28,0,0,0,0,0,0,0
JD_12663541,2021-02-28,0,0,0,0,0,0,0
JD_12663539,2021-02-28,0,0,0,0,0,0,0
JD_12663518,2021-02-28,1,1,0,0,0,0,0
JD_12663492,2021-02-28,0,0,0,0,0,0,0
JD_12663477,2021-02-28,0,0,0,0,0,0,0
JD_12663444,2021-02-28,0,0,0,0,0,0,0
JD_12663435,2021-02-28,0,0,0,0,0,0,0
JD_12663433,2021-02-28,0,0,0,0,0,0,0
JD_12663431,2021-02-28,0,0,0,0,0,0,0
JD_12663357,2021-02-28,0,0,0,0,0,0,0
JD_12663329,2021-02-28,0,0,0,0,0,0,0
JD_12663325,2021-02-28,0,0,0,0,0,0,0
JD_12663297,2021-02-28,0,0,0,0,0,0,0
JD_12663292,2021-02-28,0,0,0,0,0,0,0
JD_12663282,2021-02-28,0,0,0,0,0,0,0
JD_12663273,2021-02-28,0,0,0,0,0,0,0
JD_12663272,2021-02-28,0,0,0,0,0,0,0
JD_12663268,2021-02-28,0,0,0,0,0,0,0
JD_12663260,2021-02-28,0,0,0,0,0,0,0
JD_12663229,2021-02-28,0,0,0,0,0,0,0
JD_12663227,2021-02-28,0,0,0,0,0,0,0
JD_12663211,2021-02-28,0,0,0,0,0,0,0
JD_12663136,2021-02-28,1,1,0,0,0,0,0
