JD_12747413,2021-02-28,0,0,0,0,0,0,0
JD_12747403,2021-02-28,0,0,0,0,0,0,0
JD_12747399,2021-02-28,0,0,0,0,0,0,0
JD_12747387,2021-02-28,0,0,0,0,0,0,0
JD_12747371,2021-02-28,0,0,0,0,0,0,0
JD_12747311,2021-02-28,0,0,0,0,0,0,0
JD_12747310,2021-02-28,0,0,0,0,0,0,0
JD_12747253,2021-02-28,0,0,0,0,0,0,0
JD_12747251,2021-02-28,0,0,0,0,0,0,0
JD_12747249,2021-02-28,0,0,0,0,0,0,0
JD_12747229,2021-02-28,0,0,0,0,0,0,0
JD_12747219,2021-02-28,0,0,0,0,0,0,0
JD_12747207,2021-02-28,0,0,0,0,0,0,0
JD_12747203,2021-02-28,0,0,0,0,0,0,0
JD_12747195,2021-02-28,0,0,0,0,0,0,0
JD_12747187,2021-02-28,0,0,0,0,0,0,0
JD_12747148,2021-02-28,0,0,0,0,0,0,0
JD_12747144,2021-02-28,0,0,0,0,0,0,0
JD_12747125,2021-02-28,0,0,0,0,0,0,0
JD_12747123,2021-02-28,0,0,0,0,0,0,0
JD_12747110,2021-02-28,0,0,0,0,0,0,0
JD_12747105,2021-02-28,0,0,0,0,0,0,0
JD_12747103,2021-02-28,0,0,0,0,0,0,0
JD_12747097,2021-02-28,0,0,0,0,0,0,0
JD_12747091,2021-02-28,0,0,0,0,0,0,0
JD_12747089,2021-02-28,0,0,0,0,0,0,0
JD_12747079,2021-02-28,0,0,0,0,0,0,0
JD_12747073,2021-02-28,0,0,0,0,0,0,0
JD_12747067,2021-02-28,0,0,0,0,0,0,0
JD_12747039,2021-02-28,0,0,0,0,0,0,0
JD_12747004,2021-02-28,0,0,0,0,0,0,0
JD_12747000,2021-02-28,0,0,0,0,0,0,0
JD_12746995,2021-02-28,0,0,0,0,0,0,0
JD_12746989,2021-02-28,0,0,0,0,0,0,0
JD_12746970,2021-02-28,0,0,0,0,0,0,0
JD_12746967,2021-02-28,0,0,0,0,0,0,0
JD_12746957,2021-02-28,1,1,0,0,0,0,0
JD_12746952,2021-02-28,0,0,0,0,0,0,0
JD_12746947,2021-02-28,0,0,0,0,0,0,0
JD_12746940,2021-02-28,0,0,0,0,0,0,0
JD_12746935,2021-02-28,0,0,0,0,0,0,0
JD_12746933,2021-02-28,0,0,0,0,0,0,0
JD_12746925,2021-02-28,0,0,0,0,0,0,0
JD_12746919,2021-02-28,0,0,0,0,0,0,0
JD_12746913,2021-02-28,0,0,0,0,0,0,0
JD_12746911,2021-02-28,0,0,0,0,0,0,0
JD_12746910,2021-02-28,0,0,0,0,0,0,0
JD_12746901,2021-02-28,0,0,0,0,0,0,0
JD_12746899,2021-02-28,0,0,0,0,0,0,0
JD_12746897,2021-02-28,0,0,0,0,0,0,0
JD_12746891,2021-02-28,0,0,0,0,0,0,0
JD_12746889,2021-02-28,0,0,0,0,0,0,0
JD_12746886,2021-02-28,0,0,0,0,0,0,0
JD_12746884,2021-02-28,0,0,0,0,0,0,0
JD_12746882,2021-02-28,0,0,0,0,0,0,0
JD_12746878,2021-02-28,0,0,0,0,0,0,0
JD_12746864,2021-02-28,0,0,0,0,0,0,0
JD_12746842,2021-02-28,0,0,0,0,0,0,0
JD_12746834,2021-02-28,0,0,0,0,0,0,0
JD_12746770,2021-02-28,0,0,0,0,0,0,0
JD_12746763,2021-02-28,0,0,0,0,0,0,0
JD_12746748,2021-02-28,0,0,0,0,0,0,0
JD_12746743,2021-02-28,0,0,0,0,0,0,0
JD_12746732,2021-02-28,0,0,0,0,0,0,0
JD_12746725,2021-02-28,0,0,0,0,0,0,0
JD_12746723,2021-02-28,0,0,0,0,0,0,0
JD_12746721,2021-02-28,0,0,0,0,0,0,0
JD_12746680,2021-02-28,0,0,0,0,0,0,0
JD_12746672,2021-02-28,0,0,0,0,0,0,0
JD_12744123,2021-02-28,0,0,0,0,0,0,0
