JD_12745085,2021-02-28,0,0,0,0,0,0,0
JD_12745081,2021-02-28,0,0,0,0,0,0,0
JD_12745080,2021-02-28,0,0,0,0,0,0,0
JD_12745073,2021-02-28,0,0,0,0,0,0,0
JD_12745071,2021-02-28,0,0,0,0,0,0,0
JD_12745067,2021-02-28,0,0,0,0,0,0,0
JD_12745062,2021-02-28,0,0,0,0,0,0,0
JD_12745043,2021-02-28,0,0,0,0,0,0,0
JD_12745025,2021-02-28,0,0,0,0,0,0,0
JD_12745023,2021-02-28,0,0,0,0,0,0,0
JD_12745017,2021-02-28,0,0,0,0,0,0,0
JD_12745013,2021-02-28,0,0,0,0,0,0,0
JD_12744999,2021-02-28,0,0,0,0,0,0,0
JD_12744997,2021-02-28,0,0,0,0,0,0,0
JD_12744989,2021-02-28,0,0,0,0,0,0,0
JD_12744981,2021-02-28,0,0,0,0,0,0,0
JD_12744969,2021-02-28,0,0,0,0,0,0,0
JD_12744967,2021-02-28,0,0,0,0,0,0,0
JD_12744938,2021-02-28,0,0,0,0,0,0,0
JD_12744932,2021-02-28,0,0,0,0,0,0,0
JD_12744811,2021-02-28,0,0,0,0,0,0,0
JD_12744799,2021-02-28,0,0,0,0,0,0,0
JD_12744795,2021-02-28,0,0,0,0,0,0,0
JD_12744793,2021-02-28,0,0,0,0,0,0,0
JD_12744789,2021-02-28,0,0,0,0,0,0,0
JD_12744786,2021-02-28,0,0,0,0,0,0,0
JD_12744785,2021-02-28,0,0,0,0,0,0,0
JD_12744777,2021-02-28,0,0,0,0,0,0,0
JD_12744773,2021-02-28,0,0,0,0,0,0,0
JD_12744771,2021-02-28,0,0,0,0,0,0,0
JD_12744769,2021-02-28,0,0,0,0,0,0,0
JD_12744767,2021-02-28,0,0,0,0,0,0,0
JD_12744765,2021-02-28,0,0,0,0,0,0,0
JD_12744763,2021-02-28,0,0,0,0,0,0,0
JD_12744759,2021-02-28,0,0,0,0,0,0,0
JD_12744753,2021-02-28,0,0,0,0,0,0,0
JD_12744745,2021-02-28,0,0,0,0,0,0,0
JD_12744739,2021-02-28,0,0,0,0,0,0,0
JD_12744737,2021-02-28,0,0,0,0,0,0,0
JD_12744733,2021-02-28,0,0,0,0,0,0,0
JD_12744729,2021-02-28,0,0,0,0,0,0,0
JD_12744727,2021-02-28,0,0,0,0,0,0,0
JD_12744723,2021-02-28,0,0,0,0,0,0,0
JD_12744722,2021-02-28,0,0,0,0,0,0,0
JD_12744721,2021-02-28,0,0,0,0,0,0,0
JD_12744719,2021-02-28,0,0,0,0,0,0,0
JD_12744717,2021-02-28,0,0,0,0,0,0,0
JD_12744714,2021-02-28,0,0,0,0,0,0,0
JD_12744713,2021-02-28,0,0,0,0,0,0,0
JD_12744711,2021-02-28,0,0,0,0,0,0,0
JD_12744709,2021-02-28,0,0,0,0,0,0,0
JD_12744703,2021-02-28,0,0,0,0,0,0,0
JD_12744700,2021-02-28,0,0,0,0,0,0,0
JD_12744699,2021-02-28,0,0,0,0,0,0,0
JD_12744697,2021-02-28,0,0,0,0,0,0,0
JD_12744695,2021-02-28,0,0,0,0,0,0,0
JD_12744691,2021-02-28,0,0,0,0,0,0,0
JD_12744689,2021-02-28,0,0,0,0,0,0,0
JD_12744685,2021-02-28,0,0,0,0,0,0,0
JD_12744683,2021-02-28,0,0,0,0,0,0,0
JD_12744681,2021-02-28,0,0,0,0,0,0,0
JD_12744679,2021-02-28,0,0,0,0,0,0,0
JD_12744673,2021-02-28,0,0,0,0,0,0,0
JD_12744671,2021-02-28,0,0,0,0,0,0,0
JD_12744667,2021-02-28,0,0,0,0,0,0,0
JD_12744663,2021-02-28,0,0,0,0,0,0,0
JD_12744625,2021-02-28,0,0,0,0,0,0,0
JD_12744624,2021-02-28,0,0,0,0,0,0,0
JD_12744597,2021-02-28,0,0,0,0,0,0,0
JD_12744572,2021-02-28,0,0,0,0,0,0,0
