JD_12495453,2021-02-28,0,0,0,0,0,0,0
JD_12495449,2021-02-28,0,0,0,0,0,0,0
JD_12495361,2021-02-28,0,0,0,0,0,0,0
JD_12495051,2021-02-28,0,0,0,0,0,0,0
JD_12494943,2021-02-28,0,0,0,0,0,0,0
JD_12494865,2021-02-28,0,0,0,0,0,0,0
JD_12494863,2021-02-28,0,0,0,0,0,0,0
JD_12494857,2021-02-28,0,0,0,0,0,0,0
JD_12494855,2021-02-28,0,0,0,0,0,0,0
JD_12494851,2021-02-28,0,0,0,0,0,0,0
JD_12494835,2021-02-28,0,0,0,0,0,0,0
JD_12494831,2021-02-28,0,0,0,0,0,0,0
JD_12494825,2021-02-28,0,0,0,0,0,0,0
JD_12494775,2021-02-28,0,0,0,0,0,0,0
JD_12494771,2021-02-28,0,0,0,0,0,0,0
JD_12494231,2021-02-28,0,0,0,0,0,0,0
JD_12494069,2021-02-28,0,0,0,0,0,0,0
JD_12494063,2021-02-28,0,0,0,0,0,0,0
JD_12493893,2021-02-28,0,0,0,0,0,0,0
JD_12493743,2021-02-28,0,0,0,0,0,0,0
JD_12493741,2021-02-28,0,0,0,0,0,0,0
JD_12493739,2021-02-28,0,0,0,0,0,0,0
JD_12493577,2021-02-28,0,0,0,0,0,0,0
JD_12493565,2021-02-28,0,0,0,0,0,0,0
JD_12493489,2021-02-28,0,0,0,0,0,0,0
JD_12493461,2021-02-28,0,0,0,0,0,0,0
JD_12493437,2021-02-28,0,0,0,0,0,0,0
JD_12493435,2021-02-28,0,0,0,0,0,0,0
JD_12493433,2021-02-28,0,0,0,0,0,0,0
JD_12493143,2021-02-28,0,0,0,0,0,0,0
JD_12493141,2021-02-28,0,0,0,0,0,0,0
JD_12492983,2021-02-28,0,0,0,0,0,0,0
JD_12492857,2021-02-28,0,0,0,0,0,0,0
JD_12492791,2021-02-28,0,0,0,0,0,0,0
JD_12492765,2021-02-28,0,0,0,0,0,0,0
JD_12492531,2021-02-28,0,0,0,0,0,0,0
JD_12492451,2021-02-28,0,0,0,0,0,0,0
JD_12492449,2021-02-28,0,0,0,0,0,0,0
JD_12492447,2021-02-28,0,0,0,0,0,0,0
JD_12492359,2021-02-28,0,0,0,0,0,0,0
JD_12492345,2021-02-28,0,0,0,0,0,0,0
JD_12492055,2021-02-28,0,0,0,0,0,0,0
JD_12492033,2021-02-28,0,0,0,0,0,0,0
JD_12492031,2021-02-28,0,0,0,0,0,0,0
JD_12492023,2021-02-28,0,0,0,0,0,0,0
JD_12492021,2021-02-28,0,0,0,0,0,0,0
JD_12491675,2021-02-28,0,0,0,0,0,0,0
JD_12491665,2021-02-28,0,0,0,0,0,0,0
JD_12491651,2021-02-28,0,0,0,0,0,0,0
JD_12491647,2021-02-28,0,0,0,0,0,0,0
JD_12491537,2021-02-28,0,0,0,0,0,0,0
JD_12491305,2021-02-28,0,0,0,0,0,0,0
JD_12491135,2021-02-28,0,0,0,0,0,0,0
JD_12491133,2021-02-28,0,0,0,0,0,0,0
JD_12491131,2021-02-28,0,0,0,0,0,0,0
JD_12491127,2021-02-28,0,0,0,0,0,0,0
JD_12491125,2021-02-28,0,0,0,0,0,0,0
JD_12491123,2021-02-28,0,0,0,0,0,0,0
JD_12491121,2021-02-28,0,0,0,0,0,0,0
JD_12491119,2021-02-28,0,0,0,0,0,0,0
JD_12491115,2021-02-28,0,0,0,0,0,0,0
JD_12491113,2021-02-28,0,0,0,0,0,0,0
JD_12491109,2021-02-28,0,0,0,0,0,0,0
JD_12491107,2021-02-28,0,0,0,0,0,0,0
JD_12491105,2021-02-28,0,0,0,0,0,0,0
JD_12491103,2021-02-28,0,0,0,0,0,0,0
JD_12491101,2021-02-28,0,0,0,0,0,0,0
JD_12491099,2021-02-28,0,0,0,0,0,0,0
JD_12491097,2021-02-28,0,0,0,0,0,0,0
JD_12491095,2021-02-28,0,0,0,0,0,0,0
