JD_12723893,2021-02-28,0,0,0,0,0,0,0
JD_12723885,2021-02-28,0,0,0,0,0,0,0
JD_12723798,2021-02-28,0,0,0,0,0,0,0
JD_12723734,2021-02-28,0,0,0,0,0,0,0
JD_12723710,2021-02-28,0,0,0,0,0,0,0
JD_12723679,2021-02-28,0,0,0,0,0,0,0
JD_12723673,2021-02-28,0,0,0,0,0,0,0
JD_12723643,2021-02-28,0,0,0,0,0,0,0
JD_12723629,2021-02-28,0,0,0,0,0,0,0
JD_12723595,2021-02-28,0,0,0,0,0,0,0
JD_12723592,2021-02-28,0,0,0,0,0,0,0
JD_12723591,2021-02-28,0,0,0,0,0,0,0
JD_12723586,2021-02-28,0,0,0,0,0,0,0
JD_12723583,2021-02-28,0,0,0,0,0,0,0
JD_12723577,2021-02-28,0,0,0,0,0,0,0
JD_12723571,2021-02-28,0,0,0,0,0,0,0
JD_12723567,2021-02-28,0,0,0,0,0,0,0
JD_12723561,2021-02-28,0,0,0,0,0,0,0
JD_12723553,2021-02-28,0,0,0,0,0,0,0
JD_12723549,2021-02-28,0,0,0,0,0,0,0
JD_12723537,2021-02-28,0,0,0,0,0,0,0
JD_12723535,2021-02-28,0,0,0,0,0,0,0
JD_12723533,2021-02-28,0,0,0,0,0,0,0
JD_12723507,2021-02-28,0,0,0,0,0,0,0
JD_12723502,2021-02-28,0,0,0,0,0,0,0
JD_12723500,2021-02-28,0,0,0,0,0,0,0
JD_12723489,2021-02-28,0,0,0,0,0,0,0
JD_12723468,2021-02-28,0,0,0,0,0,0,0
JD_12723467,2021-02-28,0,0,0,0,0,0,0
JD_12723427,2021-02-28,0,0,0,0,0,0,0
JD_12723381,2021-02-28,0,0,0,0,0,0,0
JD_12723352,2021-02-28,0,0,0,0,0,0,0
JD_12723342,2021-02-28,0,0,0,0,0,0,0
JD_12723332,2021-02-28,0,0,0,0,0,0,0
JD_12723324,2021-02-28,0,0,0,0,0,0,0
JD_12723245,2021-02-28,0,0,0,0,0,0,0
JD_12723226,2021-02-28,0,0,0,0,0,0,0
JD_12723189,2021-02-28,0,0,0,0,0,0,0
JD_12723182,2021-02-28,0,0,0,0,0,0,0
JD_12723173,2021-02-28,0,0,0,0,0,0,0
JD_12723171,2021-02-28,0,0,0,0,0,0,0
JD_12723168,2021-02-28,0,0,0,0,0,0,0
JD_12723153,2021-02-28,0,0,0,0,0,0,0
JD_12723151,2021-02-28,0,0,0,0,0,0,0
JD_12723117,2021-02-28,0,0,0,0,0,0,0
JD_12723111,2021-02-28,0,0,0,0,0,0,0
JD_12723097,2021-02-28,0,0,0,0,0,0,0
JD_12723041,2021-02-28,0,0,0,0,0,0,0
JD_12723033,2021-02-28,0,0,0,0,0,0,0
JD_12723015,2021-02-28,0,0,0,0,0,0,0
JD_12723013,2021-02-28,0,0,0,0,0,0,0
JD_12723009,2021-02-28,0,0,0,0,0,0,0
JD_12722995,2021-02-28,0,0,0,0,0,0,0
JD_12722976,2021-02-28,0,0,0,0,0,0,0
JD_12722969,2021-02-28,0,0,0,0,0,0,0
JD_12722967,2021-02-28,0,0,0,0,0,0,0
JD_12722965,2021-02-28,0,0,0,0,0,0,0
JD_12722936,2021-02-28,0,0,0,0,0,0,0
JD_12722903,2021-02-28,0,0,0,0,0,0,0
JD_12722902,2021-02-28,0,0,0,0,0,0,0
JD_12722888,2021-02-28,0,0,0,0,0,0,0
JD_12722884,2021-02-28,0,0,0,0,0,0,0
JD_12722875,2021-02-28,0,0,0,0,0,0,0
JD_12722861,2021-02-28,0,0,0,0,0,0,0
JD_12722856,2021-02-28,0,0,0,0,0,0,0
JD_12722853,2021-02-28,0,0,0,0,0,0,0
JD_12722849,2021-02-28,0,0,0,0,0,0,0
JD_12722845,2021-02-28,0,0,0,0,0,0,0
JD_12722838,2021-02-28,0,0,0,0,0,0,0
JD_12722816,2021-02-28,0,0,0,0,0,0,0
