JD_12744112,2021-02-28,0,0,0,0,0,0,0
JD_12744079,2021-02-28,0,0,0,0,0,0,0
JD_12744047,2021-02-28,0,0,0,0,0,0,0
JD_12744045,2021-02-28,0,0,0,0,0,0,0
JD_12743936,2021-02-28,0,0,0,0,0,0,0
JD_12743852,2021-02-28,0,0,0,0,0,0,0
JD_12743823,2021-02-28,0,0,0,0,0,0,0
JD_12743815,2021-02-28,0,0,0,0,0,0,0
JD_12743809,2021-02-28,0,0,0,0,0,0,0
JD_12743807,2021-02-28,0,0,0,0,0,0,0
JD_12743801,2021-02-28,0,0,0,0,0,0,0
JD_12743791,2021-02-28,0,0,0,0,0,0,0
JD_12743785,2021-02-28,0,0,0,0,0,0,0
JD_12743777,2021-02-28,0,0,0,0,0,0,0
JD_12743773,2021-02-28,0,0,0,0,0,0,0
JD_12743771,2021-02-28,0,0,0,0,0,0,0
JD_12743753,2021-02-28,0,0,0,0,0,0,0
JD_12743733,2021-02-28,0,0,0,0,0,0,0
JD_12743723,2021-02-28,0,0,0,0,0,0,0
JD_12743719,2021-02-28,0,0,0,0,0,0,0
JD_12743717,2021-02-28,0,0,0,0,0,0,0
JD_12743707,2021-02-28,0,0,0,0,0,0,0
JD_12743695,2021-02-28,0,0,0,0,0,0,0
JD_12743693,2021-02-28,0,0,0,0,0,0,0
JD_12743683,2021-02-28,0,0,0,0,0,0,0
JD_12743679,2021-02-28,0,0,0,0,0,0,0
JD_12743671,2021-02-28,0,0,0,0,0,0,0
JD_12743668,2021-02-28,0,0,0,0,0,0,0
JD_12743660,2021-02-28,0,0,0,0,0,0,0
JD_12743657,2021-02-28,0,0,0,0,0,0,0
JD_12743656,2021-02-28,0,0,0,0,0,0,0
JD_12743642,2021-02-28,0,0,0,0,0,0,0
JD_12743639,2021-02-28,0,0,0,0,0,0,0
JD_12743638,2021-02-28,0,0,0,0,0,0,0
JD_12743636,2021-02-28,0,0,0,0,0,0,0
JD_12743635,2021-02-28,0,0,0,0,0,0,0
JD_12743634,2021-02-28,0,0,0,0,0,0,0
JD_12743631,2021-02-28,0,0,0,0,0,0,0
JD_12743627,2021-02-28,0,0,0,0,0,0,0
JD_12743619,2021-02-28,0,0,0,0,0,0,0
JD_12743618,2021-02-28,0,0,0,0,0,0,0
JD_12743603,2021-02-28,0,0,0,0,0,0,0
JD_12743595,2021-02-28,0,0,0,0,0,0,0
JD_12743591,2021-02-28,0,0,0,0,0,0,0
JD_12743576,2021-02-28,0,0,0,0,0,0,0
JD_12743567,2021-02-28,0,0,0,0,0,0,0
JD_12743562,2021-02-28,0,0,0,0,0,0,0
JD_12743549,2021-02-28,0,0,0,0,0,0,0
JD_12743538,2021-02-28,0,0,0,0,0,0,0
JD_12743497,2021-02-28,0,0,0,0,0,0,0
JD_12743487,2021-02-28,0,0,0,0,0,0,0
JD_12743461,2021-02-28,0,0,0,0,0,0,0
JD_12743453,2021-02-28,0,0,0,0,0,0,0
JD_12743449,2021-02-28,0,0,0,0,0,0,0
JD_12743447,2021-02-28,0,0,0,0,0,0,0
JD_12743441,2021-02-28,0,0,0,0,0,0,0
JD_12743433,2021-02-28,0,0,0,0,0,0,0
JD_12743431,2021-02-28,0,0,0,0,0,0,0
JD_12743429,2021-02-28,0,0,0,0,0,0,0
JD_12743427,2021-02-28,0,0,0,0,0,0,0
JD_12743425,2021-02-28,0,0,0,0,0,0,0
JD_12743419,2021-02-28,0,0,0,0,0,0,0
JD_12743417,2021-02-28,0,0,0,0,0,0,0
JD_12743412,2021-02-28,0,0,0,0,0,0,0
JD_12743405,2021-02-28,0,0,0,0,0,0,0
JD_12743403,2021-02-28,0,0,0,0,0,0,0
JD_12743401,2021-02-28,0,0,0,0,0,0,0
JD_12743400,2021-02-28,0,0,0,0,0,0,0
JD_12743397,2021-02-28,0,0,0,0,0,0,0
JD_12743396,2021-02-28,0,0,0,0,0,0,0
