JD_12739146,2021-02-28,0,0,0,0,0,0,0
JD_12739142,2021-02-28,0,0,0,0,0,0,0
JD_12739136,2021-02-28,0,0,0,0,0,0,0
JD_12739134,2021-02-28,0,0,0,0,0,0,0
JD_12739132,2021-02-28,0,0,0,0,0,0,0
JD_12739131,2021-02-28,0,0,0,0,0,0,0
JD_12739127,2021-02-28,0,0,0,0,0,0,0
JD_12739119,2021-02-28,0,0,0,0,0,0,0
JD_12739110,2021-02-28,0,0,0,0,0,0,0
JD_12739108,2021-02-28,0,0,0,0,0,0,0
JD_12739076,2021-02-28,0,0,0,0,0,0,0
JD_12739064,2021-02-28,0,0,0,0,0,0,0
JD_12739058,2021-02-28,0,0,0,0,0,0,0
JD_12739043,2021-02-28,0,0,0,0,0,0,0
JD_12739042,2021-02-28,0,0,0,0,0,0,0
JD_12739041,2021-02-28,0,0,0,0,0,0,0
JD_12739036,2021-02-28,0,0,0,0,0,0,0
JD_12739032,2021-02-28,0,0,0,0,0,0,0
JD_12739027,2021-02-28,0,0,0,0,0,0,0
JD_12739023,2021-02-28,0,0,0,0,0,0,0
JD_12739017,2021-02-28,0,0,0,0,0,0,0
JD_12739003,2021-02-28,0,0,0,0,0,0,0
JD_12739001,2021-02-28,0,0,0,0,0,0,0
JD_12738993,2021-02-28,0,0,0,0,0,0,0
JD_12738991,2021-02-28,0,0,0,0,0,0,0
JD_12738990,2021-02-28,0,0,0,0,0,0,0
JD_12738989,2021-02-28,0,0,0,0,0,0,0
JD_12738988,2021-02-28,0,0,0,0,0,0,0
JD_12738984,2021-02-28,0,0,0,0,0,0,0
JD_12738964,2021-02-28,0,0,0,0,0,0,0
JD_12738962,2021-02-28,0,0,0,0,0,0,0
JD_12738959,2021-02-28,0,0,0,0,0,0,0
JD_12738950,2021-02-28,0,0,0,0,0,0,0
JD_12738940,2021-02-28,0,0,0,0,0,0,0
JD_12738936,2021-02-28,0,0,0,0,0,0,0
JD_12738935,2021-02-28,0,0,0,0,0,0,0
JD_12738932,2021-02-28,0,0,0,0,0,0,0
JD_12738931,2021-02-28,0,0,0,0,0,0,0
JD_12738927,2021-02-28,0,0,0,0,0,0,0
JD_12738920,2021-02-28,0,0,0,0,0,0,0
JD_12738914,2021-02-28,0,0,0,0,0,0,0
JD_12738912,2021-02-28,0,0,0,0,0,0,0
JD_12738907,2021-02-28,0,0,0,0,0,0,0
JD_12738905,2021-02-28,0,0,0,0,0,0,0
JD_12738895,2021-02-28,0,0,0,0,0,0,0
JD_12738891,2021-02-28,0,0,0,0,0,0,0
JD_12738889,2021-02-28,0,0,0,0,0,0,0
JD_12738885,2021-02-28,0,0,0,0,0,0,0
JD_12738883,2021-02-28,0,0,0,0,0,0,0
JD_12738882,2021-02-28,0,0,0,0,0,0,0
JD_12738877,2021-02-28,0,0,0,0,0,0,0
JD_12738872,2021-02-28,0,0,0,0,0,0,0
JD_12738863,2021-02-28,0,0,0,0,0,0,0
JD_12738851,2021-02-28,0,0,0,0,0,0,0
JD_12738850,2021-02-28,0,0,0,0,0,0,0
JD_12738849,2021-02-28,0,0,0,0,0,0,0
JD_12738848,2021-02-28,0,0,0,0,0,0,0
JD_12738847,2021-02-28,0,0,0,0,0,0,0
JD_12738844,2021-02-28,0,0,0,0,0,0,0
JD_12738842,2021-02-28,0,0,0,0,0,0,0
JD_12738841,2021-02-28,0,0,0,0,0,0,0
JD_12738839,2021-02-28,0,0,0,0,0,0,0
JD_12738837,2021-02-28,0,0,0,0,0,0,0
JD_12738835,2021-02-28,0,0,0,0,0,0,0
JD_12738833,2021-02-28,0,0,0,0,0,0,0
JD_12738830,2021-02-28,0,0,0,0,0,0,0
JD_12738809,2021-02-28,1,1,0,0,0,0,0
JD_12738790,2021-02-28,0,0,0,0,0,0,0
JD_12738787,2021-02-28,0,0,0,0,0,0,0
JD_12738785,2021-02-28,0,0,0,0,0,0,0
