JD_12921202,2021-02-28,0,0,0,0,0,0,0
JD_12921182,2021-02-28,0,0,0,0,0,0,0
JD_12921166,2021-02-28,0,0,0,0,0,0,0
JD_12921164,2021-02-28,0,0,0,0,0,0,0
JD_12921158,2021-02-28,0,0,0,0,0,0,0
JD_12921150,2021-02-28,0,0,0,0,0,0,0
JD_12921132,2021-02-28,0,0,0,0,0,0,0
JD_12921130,2021-02-28,0,0,0,0,0,0,0
JD_12921128,2021-02-28,0,0,0,0,0,0,0
JD_12921110,2021-02-28,0,0,0,0,0,0,0
JD_12921108,2021-02-28,0,0,0,0,0,0,0
JD_12921058,2021-02-28,0,0,0,0,0,0,0
JD_12920932,2021-02-28,0,0,0,0,0,0,0
JD_12920930,2021-02-28,0,0,0,0,0,0,0
JD_12920928,2021-02-28,0,0,0,0,0,0,0
JD_12920908,2021-02-28,0,0,0,0,0,0,0
JD_12920900,2021-02-28,0,0,0,0,0,0,0
JD_12920898,2021-02-28,0,0,0,0,0,0,0
JD_12920812,2021-02-28,0,0,0,0,0,0,0
JD_12920714,2021-02-28,0,0,0,0,0,0,0
JD_12920582,2021-02-28,0,0,0,0,0,0,0
JD_12920564,2021-02-28,0,0,0,0,0,0,0
JD_12920502,2021-02-28,0,0,0,0,0,0,0
JD_12920500,2021-02-28,0,0,0,0,0,0,0
JD_12920498,2021-02-28,0,0,0,0,0,0,0
JD_12920484,2021-02-28,0,0,0,0,0,0,0
JD_12920478,2021-02-28,0,0,0,0,0,0,0
JD_12920476,2021-02-28,0,0,0,0,0,0,0
JD_12920460,2021-02-28,0,0,0,0,0,0,0
JD_12920414,2021-02-28,0,0,0,0,0,0,0
JD_12920322,2021-02-28,0,0,0,0,0,0,0
JD_12920160,2021-02-28,0,0,0,0,0,0,0
JD_12920140,2021-02-28,0,0,0,0,0,0,0
JD_12920126,2021-02-28,0,0,0,0,0,0,0
JD_12920118,2021-02-28,0,0,0,0,0,0,0
JD_12920112,2021-02-28,0,0,0,0,0,0,0
JD_12920090,2021-02-28,0,0,0,0,0,0,0
JD_12920078,2021-02-28,0,0,0,0,0,0,0
JD_12920072,2021-02-28,0,0,0,0,0,0,0
JD_12920040,2021-02-28,0,0,0,0,0,0,0
JD_12920032,2021-02-28,0,0,0,0,0,0,0
JD_12919998,2021-02-28,0,0,0,0,0,0,0
JD_12919962,2021-02-28,0,0,0,0,0,0,0
JD_12919940,2021-02-28,0,0,0,0,0,0,0
JD_12919934,2021-02-28,0,0,0,0,0,0,0
JD_12919906,2021-02-28,0,0,0,0,0,0,0
JD_12919898,2021-02-28,0,0,0,0,0,0,0
JD_12919836,2021-02-28,0,0,0,0,0,0,0
JD_12919694,2021-02-28,0,0,0,0,0,0,0
JD_12919678,2021-02-28,0,0,0,0,0,0,0
JD_12919516,2021-02-28,0,0,0,0,0,0,0
JD_12919454,2021-02-28,0,0,0,0,0,0,0
JD_12919450,2021-02-28,0,0,0,0,0,0,0
JD_12919438,2021-02-28,0,0,0,0,0,0,0
JD_12919434,2021-02-28,0,0,0,0,0,0,0
JD_12919382,2021-02-28,0,0,0,0,0,0,0
JD_12919364,2021-02-28,0,0,0,0,0,0,0
JD_12919308,2021-02-28,0,0,0,0,0,0,0
JD_12919254,2021-02-28,0,0,0,0,0,0,0
JD_12919250,2021-02-28,0,0,0,0,0,0,0
JD_12919248,2021-02-28,0,0,0,0,0,0,0
JD_12919244,2021-02-28,0,0,0,0,0,0,0
JD_12919232,2021-02-28,0,0,0,0,0,0,0
JD_12919220,2021-02-28,0,0,0,0,0,0,0
JD_12919202,2021-02-28,0,0,0,0,0,0,0
JD_12919198,2021-02-28,0,0,0,0,0,0,0
JD_12919178,2021-02-28,0,0,0,0,0,0,0
JD_12919176,2021-02-28,0,0,0,0,0,0,0
JD_12919158,2021-02-28,0,0,0,0,0,0,0
JD_12919126,2021-02-28,0,0,0,0,0,0,0
