JD_12695299,2021-02-28,0,0,0,0,0,0,0
JD_12695289,2021-02-28,0,0,0,0,0,0,0
JD_12695283,2021-02-28,0,0,0,0,0,0,0
JD_12695281,2021-02-28,0,0,0,0,0,0,0
JD_12695278,2021-02-28,0,0,0,0,0,0,0
JD_12695221,2021-02-28,0,0,0,0,0,0,0
JD_12695218,2021-02-28,0,0,0,0,0,0,0
JD_12695181,2021-02-28,0,0,0,0,0,0,0
JD_12695176,2021-02-28,0,0,0,0,0,0,0
JD_12695162,2021-02-28,0,0,0,0,0,0,0
JD_12695141,2021-02-28,0,0,0,0,0,0,0
JD_12695133,2021-02-28,0,0,0,0,0,0,0
JD_12695130,2021-02-28,0,0,0,0,0,0,0
JD_12695123,2021-02-28,0,0,0,0,0,0,0
JD_12695121,2021-02-28,0,0,0,0,0,0,0
JD_12695109,2021-02-28,0,0,0,0,0,0,0
JD_12695099,2021-02-28,0,0,0,0,0,0,0
JD_12695088,2021-02-28,0,0,0,0,0,0,0
JD_12695078,2021-02-28,0,0,0,0,0,0,0
JD_12695044,2021-02-28,0,0,0,0,0,0,0
JD_12695006,2021-02-28,0,0,0,0,0,0,0
JD_12695004,2021-02-28,0,0,0,0,0,0,0
JD_12695001,2021-02-28,0,0,0,0,0,0,0
JD_12694999,2021-02-28,0,0,0,0,0,0,0
JD_12694993,2021-02-28,0,0,0,0,0,0,0
JD_12694953,2021-02-28,0,0,0,0,0,0,0
JD_12694947,2021-02-28,0,0,0,0,0,0,0
JD_12694915,2021-02-28,0,0,0,0,0,0,0
JD_12694911,2021-02-28,0,0,0,0,0,0,0
JD_12694909,2021-02-28,0,0,0,0,0,0,0
JD_12694905,2021-02-28,0,0,0,0,0,0,0
JD_12694901,2021-02-28,0,0,0,0,0,0,0
JD_12694899,2021-02-28,0,0,0,0,0,0,0
JD_12694897,2021-02-28,0,0,0,0,0,0,0
JD_12694889,2021-02-28,0,0,0,0,0,0,0
JD_12694885,2021-02-28,0,0,0,0,0,0,0
JD_12694879,2021-02-28,0,0,0,0,0,0,0
JD_12694871,2021-02-28,0,0,0,0,0,0,0
JD_12694867,2021-02-28,0,0,0,0,0,0,0
JD_12694865,2021-02-28,0,0,0,0,0,0,0
JD_12694842,2021-02-28,0,0,0,0,0,0,0
JD_12694735,2021-02-28,0,0,0,0,0,0,0
JD_12694733,2021-02-28,0,0,0,0,0,0,0
JD_12694717,2021-02-28,0,0,0,0,0,0,0
JD_12694685,2021-02-28,0,0,0,0,0,0,0
JD_12694623,2021-02-28,0,0,0,0,0,0,0
JD_12694575,2021-02-28,0,0,0,0,0,0,0
JD_12694573,2021-02-28,0,0,0,0,0,0,0
JD_12694559,2021-02-28,0,0,0,0,0,0,0
JD_12694545,2021-02-28,0,0,0,0,0,0,0
JD_12694525,2021-02-28,0,0,0,0,0,0,0
JD_12694517,2021-02-28,0,0,0,0,0,0,0
JD_12694493,2021-02-28,0,0,0,0,0,0,0
JD_12694479,2021-02-28,0,0,0,0,0,0,0
JD_12694475,2021-02-28,0,0,0,0,0,0,0
JD_12694463,2021-02-28,0,0,0,0,0,0,0
JD_12694426,2021-02-28,0,0,0,0,0,0,0
JD_12694394,2021-02-28,0,0,0,0,0,0,0
JD_12694366,2021-02-28,0,0,0,0,0,0,0
JD_12694327,2021-02-28,0,0,0,0,0,0,0
JD_12694324,2021-02-28,0,0,0,0,0,0,0
JD_12694307,2021-02-28,0,0,0,0,0,0,0
JD_12694247,2021-02-28,0,0,0,0,0,0,0
JD_12694207,2021-02-28,0,0,0,0,0,0,0
JD_12694205,2021-02-28,0,0,0,0,0,0,0
JD_12694165,2021-02-28,0,0,0,0,0,0,0
JD_12694137,2021-02-28,0,0,0,0,0,0,0
JD_12694041,2021-02-28,0,0,0,0,0,0,0
JD_12693961,2021-02-28,0,0,0,0,0,0,0
JD_12693949,2021-02-28,0,0,0,0,0,0,0
