JD_12728527,2021-02-28,0,0,0,0,0,0,0
JD_12728524,2021-02-28,0,0,0,0,0,0,0
JD_12728517,2021-02-28,0,0,0,0,0,0,0
JD_12728511,2021-02-28,0,0,0,0,0,0,0
JD_12728507,2021-02-28,0,0,0,0,0,0,0
JD_12728505,2021-02-28,0,0,0,0,0,0,0
JD_12728503,2021-02-28,0,0,0,0,0,0,0
JD_12728502,2021-02-28,0,0,0,0,0,0,0
JD_12728491,2021-02-28,0,0,0,0,0,0,0
JD_12728489,2021-02-28,0,0,0,0,0,0,0
JD_12728485,2021-02-28,0,0,0,0,0,0,0
JD_12728457,2021-02-28,0,0,0,0,0,0,0
JD_12728454,2021-02-28,0,0,0,0,0,0,0
JD_12728444,2021-02-28,0,0,0,0,0,0,0
JD_12728440,2021-02-28,0,0,0,0,0,0,0
JD_12728435,2021-02-28,0,0,0,0,0,0,0
JD_12728431,2021-02-28,0,0,0,0,0,0,0
JD_12728428,2021-02-28,0,0,0,0,0,0,0
JD_12728423,2021-02-28,0,0,0,0,0,0,0
JD_12728419,2021-02-28,0,0,0,0,0,0,0
JD_12728401,2021-02-28,0,0,0,0,0,0,0
JD_12728399,2021-02-28,0,0,0,0,0,0,0
JD_12728398,2021-02-28,0,0,0,0,0,0,0
JD_12728390,2021-02-28,0,0,0,0,0,0,0
JD_12728389,2021-02-28,0,0,0,0,0,0,0
JD_12728387,2021-02-28,0,0,0,0,0,0,0
JD_12728379,2021-02-28,0,0,0,0,0,0,0
JD_12728370,2021-02-28,0,0,0,0,0,0,0
JD_12728361,2021-02-28,0,0,0,0,0,0,0
JD_12728358,2021-02-28,0,0,0,0,0,0,0
JD_12728356,2021-02-28,0,0,0,0,0,0,0
JD_12728354,2021-02-28,0,0,0,0,0,0,0
JD_12728338,2021-02-28,0,0,0,0,0,0,0
JD_12728334,2021-02-28,0,0,0,0,0,0,0
JD_12728295,2021-02-28,0,0,0,0,0,0,0
JD_12728285,2021-02-28,0,0,0,0,0,0,0
JD_12728281,2021-02-28,0,0,0,0,0,0,0
JD_12728275,2021-02-28,0,0,0,0,0,0,0
JD_12728273,2021-02-28,0,0,0,0,0,0,0
JD_12728265,2021-02-28,0,0,0,0,0,0,0
JD_12728189,2021-02-28,0,0,0,0,0,0,0
JD_12728183,2021-02-28,0,0,0,0,0,0,0
JD_12728182,2021-02-28,0,0,0,0,0,0,0
JD_12728181,2021-02-28,1,0,1,0,0,0,0
JD_12728179,2021-02-28,0,0,0,0,0,0,0
JD_12728165,2021-02-28,0,0,0,0,0,0,0
JD_12728143,2021-02-28,0,0,0,0,0,0,0
JD_12728119,2021-02-28,0,0,0,0,0,0,0
JD_12728115,2021-02-28,0,0,0,0,0,0,0
JD_12728114,2021-02-28,0,0,0,0,0,0,0
JD_12728111,2021-02-28,0,0,0,0,0,0,0
JD_12728109,2021-02-28,0,0,0,0,0,0,0
JD_12728103,2021-02-28,0,0,0,0,0,0,0
JD_12728095,2021-02-28,0,0,0,0,0,0,0
JD_12728091,2021-02-28,0,0,0,0,0,0,0
JD_12728077,2021-02-28,0,0,0,0,0,0,0
JD_12728041,2021-02-28,0,0,0,0,0,0,0
JD_12728035,2021-02-28,1,1,0,0,0,0,0
JD_12728025,2021-02-28,0,0,0,0,0,0,0
JD_12728024,2021-02-28,0,0,0,0,0,0,0
JD_12728021,2021-02-28,0,0,0,0,0,0,0
JD_12728011,2021-02-28,0,0,0,0,0,0,0
JD_12727999,2021-02-28,0,0,0,0,0,0,0
JD_12727966,2021-02-28,0,0,0,0,0,0,0
JD_12727961,2021-02-28,0,0,0,0,0,0,0
JD_12727953,2021-02-28,0,0,0,0,0,0,0
JD_12727939,2021-02-28,0,0,0,0,0,0,0
JD_12727937,2021-02-28,0,0,0,0,0,0,0
JD_12727931,2021-02-28,0,0,0,0,0,0,0
JD_12727927,2021-02-28,0,0,0,0,0,0,0
