JD_12714680,2021-02-28,0,0,0,0,0,0,0
JD_12714672,2021-02-28,0,0,0,0,0,0,0
JD_12714665,2021-02-28,0,0,0,0,0,0,0
JD_12714661,2021-02-28,0,0,0,0,0,0,0
JD_12714652,2021-02-28,0,0,0,0,0,0,0
JD_12714644,2021-02-28,0,0,0,0,0,0,0
JD_12714635,2021-02-28,0,0,0,0,0,0,0
JD_12714608,2021-02-28,0,0,0,0,0,0,0
JD_12714597,2021-02-28,0,0,0,0,0,0,0
JD_12714595,2021-02-28,0,0,0,0,0,0,0
JD_12714568,2021-02-28,0,0,0,0,0,0,0
JD_12714566,2021-02-28,0,0,0,0,0,0,0
JD_12714554,2021-02-28,0,0,0,0,0,0,0
JD_12714540,2021-02-28,0,0,0,0,0,0,0
JD_12714536,2021-02-28,0,0,0,0,0,0,0
JD_12714535,2021-02-28,0,0,0,0,0,0,0
JD_12714526,2021-02-28,0,0,0,0,0,0,0
JD_12714510,2021-02-28,0,0,0,0,0,0,0
JD_12714508,2021-02-28,0,0,0,0,0,0,0
JD_12714486,2021-02-28,0,0,0,0,0,0,0
JD_12714444,2021-02-28,0,0,0,0,0,0,0
JD_12714434,2021-02-28,0,0,0,0,0,0,0
JD_12714433,2021-02-28,0,0,0,0,0,0,0
JD_12714428,2021-02-28,0,0,0,0,0,0,0
JD_12714422,2021-02-28,0,0,0,0,0,0,0
JD_12714412,2021-02-28,0,0,0,0,0,0,0
JD_12714408,2021-02-28,0,0,0,0,0,0,0
JD_12714390,2021-02-28,0,0,0,0,0,0,0
JD_12714381,2021-02-28,0,0,0,0,0,0,0
JD_12714366,2021-02-28,0,0,0,0,0,0,0
JD_12714343,2021-02-28,0,0,0,0,0,0,0
JD_12714333,2021-02-28,0,0,0,0,0,0,0
JD_12714331,2021-02-28,0,0,0,0,0,0,0
JD_12714321,2021-02-28,0,0,0,0,0,0,0
JD_12714319,2021-02-28,0,0,0,0,0,0,0
JD_12714307,2021-02-28,0,0,0,0,0,0,0
JD_12714305,2021-02-28,0,0,0,0,0,0,0
JD_12714303,2021-02-28,0,0,0,0,0,0,0
JD_12714289,2021-02-28,0,0,0,0,0,0,0
JD_12714278,2021-02-28,0,0,0,0,0,0,0
JD_12714236,2021-02-28,0,0,0,0,0,0,0
JD_12714231,2021-02-28,0,0,0,0,0,0,0
JD_12714229,2021-02-28,0,0,0,0,0,0,0
JD_12714226,2021-02-28,0,0,0,0,0,0,0
JD_12714225,2021-02-28,0,0,0,0,0,0,0
JD_12714216,2021-02-28,0,0,0,0,0,0,0
JD_12714208,2021-02-28,0,0,0,0,0,0,0
JD_12714191,2021-02-28,0,0,0,0,0,0,0
JD_12714190,2021-02-28,0,0,0,0,0,0,0
JD_12714188,2021-02-28,0,0,0,0,0,0,0
JD_12714157,2021-02-28,0,0,0,0,0,0,0
JD_12714153,2021-02-28,0,0,0,0,0,0,0
JD_12714142,2021-02-28,0,0,0,0,0,0,0
JD_12714126,2021-02-28,0,0,0,0,0,0,0
JD_12714110,2021-02-28,0,0,0,0,0,0,0
JD_12714108,2021-02-28,0,0,0,0,0,0,0
JD_12714106,2021-02-28,0,0,0,0,0,0,0
JD_12714102,2021-02-28,0,0,0,0,0,0,0
JD_12714099,2021-02-28,0,0,0,0,0,0,0
JD_12714084,2021-02-28,0,0,0,0,0,0,0
JD_12714076,2021-02-28,0,0,0,0,0,0,0
JD_12714060,2021-02-28,0,0,0,0,0,0,0
JD_12714056,2021-02-28,0,0,0,0,0,0,0
JD_12714033,2021-02-28,0,0,0,0,0,0,0
JD_12714011,2021-02-28,0,0,0,0,0,0,0
JD_12714009,2021-02-28,0,0,0,0,0,0,0
JD_12714003,2021-02-28,0,0,0,0,0,0,0
JD_12713995,2021-02-28,0,0,0,0,0,0,0
JD_12713991,2021-02-28,0,0,0,0,0,0,0
JD_12713984,2021-02-28,0,0,0,0,0,0,0
