JD_12948974,2021-02-28,0,0,0,0,0,0,0
JD_12948972,2021-02-28,0,0,0,0,0,0,0
JD_12948800,2021-02-28,0,0,0,0,0,0,0
JD_12944934,2021-02-28,0,0,0,0,0,0,0
JD_12944926,2021-02-28,0,0,0,0,0,0,0
JD_12944914,2021-02-28,0,0,0,0,0,0,0
JD_12944908,2021-02-28,0,0,0,0,0,0,0
JD_12944906,2021-02-28,0,0,0,0,0,0,0
JD_12944886,2021-02-28,0,0,0,0,0,0,0
JD_12944884,2021-02-28,0,0,0,0,0,0,0
JD_12944882,2021-02-28,0,0,0,0,0,0,0
JD_12944844,2021-02-28,0,0,0,0,0,0,0
JD_12944840,2021-02-28,0,0,0,0,0,0,0
JD_12944838,2021-02-28,0,0,0,0,0,0,0
JD_12944836,2021-02-28,0,0,0,0,0,0,0
JD_12944688,2021-02-28,0,0,0,0,0,0,0
JD_12944666,2021-02-28,0,0,0,0,0,0,0
JD_12944386,2021-02-28,0,0,0,0,0,0,0
JD_12944380,2021-02-28,0,0,0,0,0,0,0
JD_12944322,2021-02-28,0,0,0,0,0,0,0
JD_12944316,2021-02-28,0,0,0,0,0,0,0
JD_12944308,2021-02-28,0,0,0,0,0,0,0
JD_12944290,2021-02-28,0,0,0,0,0,0,0
JD_12944286,2021-02-28,0,0,0,0,0,0,0
JD_12944274,2021-02-28,1,0,1,0,0,0,0
JD_12944270,2021-02-28,0,0,0,0,0,0,0
JD_12944222,2021-02-28,0,0,0,0,0,0,0
JD_12944212,2021-02-28,0,0,0,0,0,0,0
JD_12944210,2021-02-28,0,0,0,0,0,0,0
JD_12944180,2021-02-28,0,0,0,0,0,0,0
JD_12943962,2021-02-28,0,0,0,0,0,0,0
JD_12943940,2021-02-28,0,0,0,0,0,0,0
JD_12943938,2021-02-28,0,0,0,0,0,0,0
JD_12943932,2021-02-28,0,0,0,0,0,0,0
JD_12943930,2021-02-28,0,0,0,0,0,0,0
JD_12943924,2021-02-28,0,0,0,0,0,0,0
JD_12943922,2021-02-28,0,0,0,0,0,0,0
JD_12943910,2021-02-28,0,0,0,0,0,0,0
JD_12943902,2021-02-28,0,0,0,0,0,0,0
JD_12943898,2021-02-28,0,0,0,0,0,0,0
JD_12943892,2021-02-28,0,0,0,0,0,0,0
JD_12943890,2021-02-28,0,0,0,0,0,0,0
JD_12943882,2021-02-28,0,0,0,0,0,0,0
JD_12943874,2021-02-28,0,0,0,0,0,0,0
JD_12943866,2021-02-28,0,0,0,0,0,0,0
JD_12943864,2021-02-28,0,0,0,0,0,0,0
JD_12943852,2021-02-28,0,0,0,0,0,0,0
JD_12943846,2021-02-28,0,0,0,0,0,0,0
JD_12943798,2021-02-28,0,0,0,0,0,0,0
JD_12943702,2021-02-28,0,0,0,0,0,0,0
JD_12943672,2021-02-28,0,0,0,0,0,0,0
JD_12943660,2021-02-28,0,0,0,0,0,0,0
JD_12943654,2021-02-28,0,0,0,0,0,0,0
JD_12943648,2021-02-28,0,0,0,0,0,0,0
JD_12943646,2021-02-28,0,0,0,0,0,0,0
JD_12943642,2021-02-28,0,0,0,0,0,0,0
JD_12943640,2021-02-28,0,0,0,0,0,0,0
JD_12943630,2021-02-28,0,0,0,0,0,0,0
JD_12943628,2021-02-28,0,0,0,0,0,0,0
JD_12943626,2021-02-28,0,0,0,0,0,0,0
JD_12943624,2021-02-28,0,0,0,0,0,0,0
JD_12943622,2021-02-28,0,0,0,0,0,0,0
JD_12943618,2021-02-28,0,0,0,0,0,0,0
JD_12943614,2021-02-28,0,0,0,0,0,0,0
JD_12943610,2021-02-28,0,0,0,0,0,0,0
JD_12943606,2021-02-28,0,0,0,0,0,0,0
JD_12943600,2021-02-28,0,0,0,0,0,0,0
JD_12943598,2021-02-28,0,0,0,0,0,0,0
JD_12943574,2021-02-28,0,0,0,0,0,0,0
JD_12943568,2021-02-28,0,0,0,0,0,0,0
