JD_12697938,2021-02-28,0,0,0,0,0,0,0
JD_12697930,2021-02-28,0,0,0,0,0,0,0
JD_12697911,2021-02-28,0,0,0,0,0,0,0
JD_12697873,2021-02-28,0,0,0,0,0,0,0
JD_12697804,2021-02-28,0,0,0,0,0,0,0
JD_12697802,2021-02-28,0,0,0,0,0,0,0
JD_12697801,2021-02-28,0,0,0,0,0,0,0
JD_12697784,2021-02-28,0,0,0,0,0,0,0
JD_12697766,2021-02-28,0,0,0,0,0,0,0
JD_12697764,2021-02-28,0,0,0,0,0,0,0
JD_12697762,2021-02-28,0,0,0,0,0,0,0
JD_12697742,2021-02-28,0,0,0,0,0,0,0
JD_12697721,2021-02-28,0,0,0,0,0,0,0
JD_12697719,2021-02-28,0,0,0,0,0,0,0
JD_12697693,2021-02-28,0,0,0,0,0,0,0
JD_12697687,2021-02-28,0,0,0,0,0,0,0
JD_12697642,2021-02-28,0,0,0,0,0,0,0
JD_12697639,2021-02-28,1,1,0,0,0,0,0
JD_12697585,2021-02-28,0,0,0,0,0,0,0
JD_12697575,2021-02-28,0,0,0,0,0,0,0
JD_12697572,2021-02-28,0,0,0,0,0,0,0
JD_12697553,2021-02-28,0,0,0,0,0,0,0
JD_12697551,2021-02-28,0,0,0,0,0,0,0
JD_12697545,2021-02-28,0,0,0,0,0,0,0
JD_12697530,2021-02-28,0,0,0,0,0,0,0
JD_12697517,2021-02-28,0,0,0,0,0,0,0
JD_12697515,2021-02-28,0,0,0,0,0,0,0
JD_12697513,2021-02-28,0,0,0,0,0,0,0
JD_12697487,2021-02-28,0,0,0,0,0,0,0
JD_12697479,2021-02-28,0,0,0,0,0,0,0
JD_12697475,2021-02-28,0,0,0,0,0,0,0
JD_12697460,2021-02-28,0,0,0,0,0,0,0
JD_12697456,2021-02-28,0,0,0,0,0,0,0
JD_12697434,2021-02-28,0,0,0,0,0,0,0
JD_12697349,2021-02-28,0,0,0,0,0,0,0
JD_12697332,2021-02-28,0,0,0,0,0,0,0
JD_12697328,2021-02-28,0,0,0,0,0,0,0
JD_12697317,2021-02-28,0,0,0,0,0,0,0
JD_12697314,2021-02-28,0,0,0,0,0,0,0
JD_12697298,2021-02-28,0,0,0,0,0,0,0
JD_12697253,2021-02-28,0,0,0,0,0,0,0
JD_12697251,2021-02-28,0,0,0,0,0,0,0
JD_12697236,2021-02-28,0,0,0,0,0,0,0
JD_12697177,2021-02-28,0,0,0,0,0,0,0
JD_12697103,2021-02-28,0,0,0,0,0,0,0
JD_12697086,2021-02-28,0,0,0,0,0,0,0
JD_12697084,2021-02-28,0,0,0,0,0,0,0
JD_12697070,2021-02-28,0,0,0,0,0,0,0
JD_12697066,2021-02-28,0,0,0,0,0,0,0
JD_12697064,2021-02-28,0,0,0,0,0,0,0
JD_12697062,2021-02-28,0,0,0,0,0,0,0
JD_12697060,2021-02-28,0,0,0,0,0,0,0
JD_12697058,2021-02-28,0,0,0,0,0,0,0
JD_12697056,2021-02-28,0,0,0,0,0,0,0
JD_12697054,2021-02-28,0,0,0,0,0,0,0
JD_12697052,2021-02-28,0,0,0,0,0,0,0
JD_12697050,2021-02-28,0,0,0,0,0,0,0
JD_12697048,2021-02-28,0,0,0,0,0,0,0
JD_12697046,2021-02-28,0,0,0,0,0,0,0
JD_12697044,2021-02-28,0,0,0,0,0,0,0
JD_12697040,2021-02-28,0,0,0,0,0,0,0
JD_12697038,2021-02-28,0,0,0,0,0,0,0
JD_12697036,2021-02-28,0,0,0,0,0,0,0
JD_12697035,2021-02-28,0,0,0,0,0,0,0
JD_12697034,2021-02-28,0,0,0,0,0,0,0
JD_12697032,2021-02-28,0,0,0,0,0,0,0
JD_12697030,2021-02-28,0,0,0,0,0,0,0
JD_12697029,2021-02-28,0,0,0,0,0,0,0
JD_12697028,2021-02-28,0,0,0,0,0,0,0
JD_12697017,2021-02-28,0,0,0,0,0,0,0
