JD_12929564,2021-02-28,0,0,0,0,0,0,0
JD_12929558,2021-02-28,0,0,0,0,0,0,0
JD_12929548,2021-02-28,0,0,0,0,0,0,0
JD_12929542,2021-02-28,0,0,0,0,0,0,0
JD_12929538,2021-02-28,0,0,0,0,0,0,0
JD_12929520,2021-02-28,0,0,0,0,0,0,0
JD_12929518,2021-02-28,0,0,0,0,0,0,0
JD_12929516,2021-02-28,0,0,0,0,0,0,0
JD_12929508,2021-02-28,0,0,0,0,0,0,0
JD_12929504,2021-02-28,0,0,0,0,0,0,0
JD_12929502,2021-02-28,0,0,0,0,0,0,0
JD_12929498,2021-02-28,0,0,0,0,0,0,0
JD_12929494,2021-02-28,0,0,0,0,0,0,0
JD_12929490,2021-02-28,0,0,0,0,0,0,0
JD_12929488,2021-02-28,0,0,0,0,0,0,0
JD_12929476,2021-02-28,0,0,0,0,0,0,0
JD_12929474,2021-02-28,0,0,0,0,0,0,0
JD_12929464,2021-02-28,0,0,0,0,0,0,0
JD_12929460,2021-02-28,0,0,0,0,0,0,0
JD_12929438,2021-02-28,0,0,0,0,0,0,0
JD_12929434,2021-02-28,0,0,0,0,0,0,0
JD_12929420,2021-02-28,0,0,0,0,0,0,0
JD_12929384,2021-02-28,0,0,0,0,0,0,0
JD_12929326,2021-02-28,0,0,0,0,0,0,0
JD_12929324,2021-02-28,0,0,0,0,0,0,0
JD_12929322,2021-02-28,0,0,0,0,0,0,0
JD_12929296,2021-02-28,0,0,0,0,0,0,0
JD_12929288,2021-02-28,0,0,0,0,0,0,0
JD_12929280,2021-02-28,0,0,0,0,0,0,0
JD_12929240,2021-02-28,0,0,0,0,0,0,0
JD_12929218,2021-02-28,0,0,0,0,0,0,0
JD_12929150,2021-02-28,0,0,0,0,0,0,0
JD_12929112,2021-02-28,0,0,0,0,0,0,0
JD_12929044,2021-02-28,0,0,0,0,0,0,0
JD_12929024,2021-02-28,0,0,0,0,0,0,0
JD_12928942,2021-02-28,0,0,0,0,0,0,0
JD_12928804,2021-02-28,0,0,0,0,0,0,0
JD_12928802,2021-02-28,0,0,0,0,0,0,0
JD_12928786,2021-02-28,0,0,0,0,0,0,0
JD_12928774,2021-02-28,0,0,0,0,0,0,0
JD_12928770,2021-02-28,0,0,0,0,0,0,0
JD_12928766,2021-02-28,0,0,0,0,0,0,0
JD_12928724,2021-02-28,0,0,0,0,0,0,0
JD_12928676,2021-02-28,0,0,0,0,0,0,0
JD_12928674,2021-02-28,0,0,0,0,0,0,0
JD_12928648,2021-02-28,0,0,0,0,0,0,0
JD_12928608,2021-02-28,0,0,0,0,0,0,0
JD_12928598,2021-02-28,0,0,0,0,0,0,0
JD_12928594,2021-02-28,0,0,0,0,0,0,0
JD_12928570,2021-02-28,0,0,0,0,0,0,0
JD_12928566,2021-02-28,0,0,0,0,0,0,0
JD_12928514,2021-02-28,0,0,0,0,0,0,0
JD_12928500,2021-02-28,0,0,0,0,0,0,0
JD_12928496,2021-02-28,0,0,0,0,0,0,0
JD_12928492,2021-02-28,0,0,0,0,0,0,0
JD_12928456,2021-02-28,0,0,0,0,0,0,0
JD_12928446,2021-02-28,0,0,0,0,0,0,0
JD_12928364,2021-02-28,0,0,0,0,0,0,0
JD_12928362,2021-02-28,0,0,0,0,0,0,0
JD_12928348,2021-02-28,0,0,0,0,0,0,0
JD_12928344,2021-02-28,0,0,0,0,0,0,0
JD_12928330,2021-02-28,0,0,0,0,0,0,0
JD_12928318,2021-02-28,0,0,0,0,0,0,0
JD_12928206,2021-02-28,0,0,0,0,0,0,0
JD_12928104,2021-02-28,0,0,0,0,0,0,0
JD_12928088,2021-02-28,0,0,0,0,0,0,0
JD_12928080,2021-02-28,0,0,0,0,0,0,0
JD_12928072,2021-02-28,0,0,0,0,0,0,0
JD_12928066,2021-02-28,0,0,0,0,0,0,0
JD_12928062,2021-02-28,0,0,0,0,0,0,0
