JD_12753183,2021-02-28,0,0,0,0,0,0,0
JD_12753182,2021-02-28,0,0,0,0,0,0,0
JD_12753177,2021-02-28,0,0,0,0,0,0,0
JD_12753173,2021-02-28,0,0,0,0,0,0,0
JD_12753163,2021-02-28,0,0,0,0,0,0,0
JD_12753147,2021-02-28,0,0,0,0,0,0,0
JD_12753145,2021-02-28,0,0,0,0,0,0,0
JD_12753141,2021-02-28,0,0,0,0,0,0,0
JD_12753139,2021-02-28,0,0,0,0,0,0,0
JD_12753137,2021-02-28,0,0,0,0,0,0,0
JD_12753133,2021-02-28,0,0,0,0,0,0,0
JD_12753123,2021-02-28,0,0,0,0,0,0,0
JD_12753112,2021-02-28,0,0,0,0,0,0,0
JD_12753111,2021-02-28,0,0,0,0,0,0,0
JD_12753109,2021-02-28,0,0,0,0,0,0,0
JD_12753095,2021-02-28,0,0,0,0,0,0,0
JD_12753093,2021-02-28,0,0,0,0,0,0,0
JD_12753059,2021-02-28,0,0,0,0,0,0,0
JD_12752963,2021-02-28,0,0,0,0,0,0,0
JD_12752954,2021-02-28,0,0,0,0,0,0,0
JD_12752934,2021-02-28,0,0,0,0,0,0,0
JD_12752931,2021-02-28,0,0,0,0,0,0,0
JD_12752882,2021-02-28,0,0,0,0,0,0,0
JD_12752876,2021-02-28,0,0,0,0,0,0,0
JD_12752860,2021-02-28,0,0,0,0,0,0,0
JD_12752852,2021-02-28,0,0,0,0,0,0,0
JD_12752848,2021-02-28,0,0,0,0,0,0,0
JD_12752846,2021-02-28,0,0,0,0,0,0,0
JD_12752844,2021-02-28,0,0,0,0,0,0,0
JD_12752840,2021-02-28,0,0,0,0,0,0,0
JD_12752838,2021-02-28,0,0,0,0,0,0,0
JD_12752835,2021-02-28,1,1,0,0,0,0,0
JD_12752719,2021-02-28,0,0,0,0,0,0,0
JD_12752717,2021-02-28,0,0,0,0,0,0,0
JD_12752704,2021-02-28,0,0,0,0,0,0,0
JD_12752699,2021-02-28,0,0,0,0,0,0,0
JD_12752695,2021-02-28,1,1,0,0,0,0,0
JD_12752682,2021-02-28,0,0,0,0,0,0,0
JD_12752660,2021-02-28,0,0,0,0,0,0,0
JD_12752655,2021-02-28,0,0,0,0,0,0,0
JD_12752628,2021-02-28,0,0,0,0,0,0,0
JD_12752626,2021-02-28,0,0,0,0,0,0,0
JD_12752624,2021-02-28,0,0,0,0,0,0,0
JD_12752620,2021-02-28,0,0,0,0,0,0,0
JD_12752614,2021-02-28,0,0,0,0,0,0,0
JD_12752607,2021-02-28,0,0,0,0,0,0,0
JD_12752605,2021-02-28,0,0,0,0,0,0,0
JD_12752603,2021-02-28,0,0,0,0,0,0,0
JD_12752601,2021-02-28,0,0,0,0,0,0,0
JD_12752587,2021-02-28,0,0,0,0,0,0,0
JD_12752585,2021-02-28,0,0,0,0,0,0,0
JD_12752583,2021-02-28,0,0,0,0,0,0,0
JD_12752581,2021-02-28,0,0,0,0,0,0,0
JD_12752579,2021-02-28,0,0,0,0,0,0,0
JD_12752573,2021-02-28,0,0,0,0,0,0,0
JD_12752569,2021-02-28,0,0,0,0,0,0,0
JD_12752550,2021-02-28,0,0,0,0,0,0,0
JD_12752543,2021-02-28,0,0,0,0,0,0,0
JD_12752537,2021-02-28,1,1,0,0,0,0,0
JD_12752535,2021-02-28,0,0,0,0,0,0,0
JD_12752533,2021-02-28,0,0,0,0,0,0,0
JD_12752525,2021-02-28,0,0,0,0,0,0,0
JD_12752513,2021-02-28,0,0,0,0,0,0,0
JD_12752511,2021-02-28,0,0,0,0,0,0,0
JD_12752509,2021-02-28,1,1,0,0,0,0,0
JD_12752495,2021-02-28,1,0,1,0,0,0,0
JD_12752491,2021-02-28,0,0,0,0,0,0,0
JD_12752487,2021-02-28,0,0,0,0,0,0,0
JD_12752481,2021-02-28,1,1,0,0,0,0,0
JD_12752477,2021-02-28,0,0,0,0,0,0,0
