JD_12667663,2021-02-28,0,0,0,0,0,0,0
JD_12667653,2021-02-28,0,0,0,0,0,0,0
JD_12667650,2021-02-28,0,0,0,0,0,0,0
JD_12667642,2021-02-28,0,0,0,0,0,0,0
JD_12667641,2021-02-28,1,1,0,0,0,0,0
JD_12667620,2021-02-28,0,0,0,0,0,0,0
JD_12667604,2021-02-28,0,0,0,0,0,0,0
JD_12667602,2021-02-28,0,0,0,0,0,0,0
JD_12667598,2021-02-28,0,0,0,0,0,0,0
JD_12667592,2021-02-28,0,0,0,0,0,0,0
JD_12667590,2021-02-28,0,0,0,0,0,0,0
JD_12667588,2021-02-28,0,0,0,0,0,0,0
JD_12667586,2021-02-28,0,0,0,0,0,0,0
JD_12667584,2021-02-28,0,0,0,0,0,0,0
JD_12667572,2021-02-28,0,0,0,0,0,0,0
JD_12667570,2021-02-28,0,0,0,0,0,0,0
JD_12667568,2021-02-28,0,0,0,0,0,0,0
JD_12667566,2021-02-28,0,0,0,0,0,0,0
JD_12667541,2021-02-28,0,0,0,0,0,0,0
JD_12667540,2021-02-28,0,0,0,0,0,0,0
JD_12667527,2021-02-28,0,0,0,0,0,0,0
JD_12667525,2021-02-28,0,0,0,0,0,0,0
JD_12667523,2021-02-28,0,0,0,0,0,0,0
JD_12667522,2021-02-28,0,0,0,0,0,0,0
JD_12667516,2021-02-28,0,0,0,0,0,0,0
JD_12667514,2021-02-28,0,0,0,0,0,0,0
JD_12667507,2021-02-28,0,0,0,0,0,0,0
JD_12667506,2021-02-28,0,0,0,0,0,0,0
JD_12667502,2021-02-28,0,0,0,0,0,0,0
JD_12667501,2021-02-28,0,0,0,0,0,0,0
JD_12667499,2021-02-28,0,0,0,0,0,0,0
JD_12667488,2021-02-28,0,0,0,0,0,0,0
JD_12667487,2021-02-28,0,0,0,0,0,0,0
JD_12667479,2021-02-28,0,0,0,0,0,0,0
JD_12667478,2021-02-28,0,0,0,0,0,0,0
JD_12667477,2021-02-28,0,0,0,0,0,0,0
JD_12667463,2021-02-28,0,0,0,0,0,0,0
JD_12667453,2021-02-28,0,0,0,0,0,0,0
JD_12667451,2021-02-28,0,0,0,0,0,0,0
JD_12667406,2021-02-28,0,0,0,0,0,0,0
JD_12667294,2021-02-28,0,0,0,0,0,0,0
JD_12667278,2021-02-28,0,0,0,0,0,0,0
JD_12667252,2021-02-28,0,0,0,0,0,0,0
JD_12667248,2021-02-28,0,0,0,0,0,0,0
JD_12667165,2021-02-28,0,0,0,0,0,0,0
JD_12667080,2021-02-28,0,0,0,0,0,0,0
JD_12667044,2021-02-28,0,0,0,0,0,0,0
JD_12667006,2021-02-28,0,0,0,0,0,0,0
JD_12667002,2021-02-28,0,0,0,0,0,0,0
JD_12666986,2021-02-28,0,0,0,0,0,0,0
JD_12666968,2021-02-28,0,0,0,0,0,0,0
JD_12666932,2021-02-28,0,0,0,0,0,0,0
JD_12666906,2021-02-28,0,0,0,0,0,0,0
JD_12666884,2021-02-28,0,0,0,0,0,0,0
JD_12666882,2021-02-28,0,0,0,0,0,0,0
JD_12666876,2021-02-28,0,0,0,0,0,0,0
JD_12666872,2021-02-28,0,0,0,0,0,0,0
JD_12666860,2021-02-28,0,0,0,0,0,0,0
JD_12666858,2021-02-28,0,0,0,0,0,0,0
JD_12666762,2021-02-28,0,0,0,0,0,0,0
JD_12666750,2021-02-28,0,0,0,0,0,0,0
JD_12666748,2021-02-28,0,0,0,0,0,0,0
JD_12666743,2021-02-28,0,0,0,0,0,0,0
JD_12666738,2021-02-28,0,0,0,0,0,0,0
JD_12666729,2021-02-28,0,0,0,0,0,0,0
JD_12666706,2021-02-28,0,0,0,0,0,0,0
JD_12666683,2021-02-28,0,0,0,0,0,0,0
JD_12666669,2021-02-28,0,0,0,0,0,0,0
JD_12666667,2021-02-28,0,0,0,0,0,0,0
JD_12666653,2021-02-28,0,0,0,0,0,0,0
