JD_12663128,2021-02-28,0,0,0,0,0,0,0
JD_12663124,2021-02-28,0,0,0,0,0,0,0
JD_12663121,2021-02-28,0,0,0,0,0,0,0
JD_12663103,2021-02-28,0,0,0,0,0,0,0
JD_12663099,2021-02-28,0,0,0,0,0,0,0
JD_12663073,2021-02-28,0,0,0,0,0,0,0
JD_12663069,2021-02-28,0,0,0,0,0,0,0
JD_12663068,2021-02-28,0,0,0,0,0,0,0
JD_12663048,2021-02-28,0,0,0,0,0,0,0
JD_12663047,2021-02-28,0,0,0,0,0,0,0
JD_12663043,2021-02-28,0,0,0,0,0,0,0
JD_12663039,2021-02-28,0,0,0,0,0,0,0
JD_12663030,2021-02-28,0,0,0,0,0,0,0
JD_12662949,2021-02-28,0,0,0,0,0,0,0
JD_12662916,2021-02-28,0,0,0,0,0,0,0
JD_12662893,2021-02-28,0,0,0,0,0,0,0
JD_12662888,2021-02-28,0,0,0,0,0,0,0
JD_12662877,2021-02-28,0,0,0,0,0,0,0
JD_12662846,2021-02-28,0,0,0,0,0,0,0
JD_12662813,2021-02-28,0,0,0,0,0,0,0
JD_12662811,2021-02-28,0,0,0,0,0,0,0
JD_12662783,2021-02-28,0,0,0,0,0,0,0
JD_12662781,2021-02-28,0,0,0,0,0,0,0
JD_12662773,2021-02-28,0,0,0,0,0,0,0
JD_12662711,2021-02-28,0,0,0,0,0,0,0
JD_12662691,2021-02-28,0,0,0,0,0,0,0
JD_12662687,2021-02-28,0,0,0,0,0,0,0
JD_12662645,2021-02-28,0,0,0,0,0,0,0
JD_12662640,2021-02-28,0,0,0,0,0,0,0
JD_12662639,2021-02-28,0,0,0,0,0,0,0
JD_12662624,2021-02-28,0,0,0,0,0,0,0
JD_12662619,2021-02-28,0,0,0,0,0,0,0
JD_12662609,2021-02-28,0,0,0,0,0,0,0
JD_12662597,2021-02-28,0,0,0,0,0,0,0
JD_12662589,2021-02-28,0,0,0,0,0,0,0
JD_12662563,2021-02-28,0,0,0,0,0,0,0
JD_12662561,2021-02-28,0,0,0,0,0,0,0
JD_12662543,2021-02-28,0,0,0,0,0,0,0
JD_12662531,2021-02-28,0,0,0,0,0,0,0
JD_12662529,2021-02-28,0,0,0,0,0,0,0
JD_12662525,2021-02-28,0,0,0,0,0,0,0
JD_12662519,2021-02-28,0,0,0,0,0,0,0
JD_12662518,2021-02-28,0,0,0,0,0,0,0
JD_12662512,2021-02-28,0,0,0,0,0,0,0
JD_12662511,2021-02-28,0,0,0,0,0,0,0
JD_12662505,2021-02-28,0,0,0,0,0,0,0
JD_12662503,2021-02-28,0,0,0,0,0,0,0
JD_12662502,2021-02-28,0,0,0,0,0,0,0
JD_12662499,2021-02-28,0,0,0,0,0,0,0
JD_12662495,2021-02-28,0,0,0,0,0,0,0
JD_12662494,2021-02-28,0,0,0,0,0,0,0
JD_12662493,2021-02-28,0,0,0,0,0,0,0
JD_12662489,2021-02-28,0,0,0,0,0,0,0
JD_12662488,2021-02-28,0,0,0,0,0,0,0
JD_12662485,2021-02-28,0,0,0,0,0,0,0
JD_12662483,2021-02-28,0,0,0,0,0,0,0
JD_12662477,2021-02-28,0,0,0,0,0,0,0
JD_12662475,2021-02-28,0,0,0,0,0,0,0
JD_12662473,2021-02-28,0,0,0,0,0,0,0
JD_12662471,2021-02-28,0,0,0,0,0,0,0
JD_12662467,2021-02-28,0,0,0,0,0,0,0
JD_12662461,2021-02-28,0,0,0,0,0,0,0
JD_12662455,2021-02-28,0,0,0,0,0,0,0
JD_12662454,2021-02-28,0,0,0,0,0,0,0
JD_12662453,2021-02-28,0,0,0,0,0,0,0
JD_12662451,2021-02-28,0,0,0,0,0,0,0
JD_12662430,2021-02-28,0,0,0,0,0,0,0
JD_12662419,2021-02-28,0,0,0,0,0,0,0
JD_12662395,2021-02-28,0,0,0,0,0,0,0
JD_12662393,2021-02-28,0,0,0,0,0,0,0
