JD_12759809,2021-02-28,0,0,0,0,0,0,0
JD_12759801,2021-02-28,0,0,0,0,0,0,0
JD_12759797,2021-02-28,0,0,0,0,0,0,0
JD_12759793,2021-02-28,0,0,0,0,0,0,0
JD_12759787,2021-02-28,0,0,0,0,0,0,0
JD_12759775,2021-02-28,1,1,0,0,0,0,0
JD_12759765,2021-02-28,0,0,0,0,0,0,0
JD_12759763,2021-02-28,0,0,0,0,0,0,0
JD_12759761,2021-02-28,0,0,0,0,0,0,0
JD_12759753,2021-02-28,0,0,0,0,0,0,0
JD_12759745,2021-02-28,0,0,0,0,0,0,0
JD_12759735,2021-02-28,0,0,0,0,0,0,0
JD_12759715,2021-02-28,0,0,0,0,0,0,0
JD_12759705,2021-02-28,0,0,0,0,0,0,0
JD_12759687,2021-02-28,0,0,0,0,0,0,0
JD_12759683,2021-02-28,0,0,0,0,0,0,0
JD_12759669,2021-02-28,0,0,0,0,0,0,0
JD_12759659,2021-02-28,0,0,0,0,0,0,0
JD_12759657,2021-02-28,0,0,0,0,0,0,0
JD_12759655,2021-02-28,0,0,0,0,0,0,0
JD_12759645,2021-02-28,0,0,0,0,0,0,0
JD_12759643,2021-02-28,0,0,0,0,0,0,0
JD_12759641,2021-02-28,0,0,0,0,0,0,0
JD_12759630,2021-02-28,0,0,0,0,0,0,0
JD_12759627,2021-02-28,0,0,0,0,0,0,0
JD_12759625,2021-02-28,0,0,0,0,0,0,0
JD_12759623,2021-02-28,0,0,0,0,0,0,0
JD_12759621,2021-02-28,0,0,0,0,0,0,0
JD_12759617,2021-02-28,0,0,0,0,0,0,0
JD_12759615,2021-02-28,0,0,0,0,0,0,0
JD_12759597,2021-02-28,0,0,0,0,0,0,0
JD_12759575,2021-02-28,0,0,0,0,0,0,0
JD_12759573,2021-02-28,1,1,0,0,0,0,0
JD_12759507,2021-02-28,0,0,0,0,0,0,0
JD_12759505,2021-02-28,0,0,0,0,0,0,0
JD_12759503,2021-02-28,0,0,0,0,0,0,0
JD_12759499,2021-02-28,0,0,0,0,0,0,0
JD_12759497,2021-02-28,0,0,0,0,0,0,0
JD_12759495,2021-02-28,0,0,0,0,0,0,0
JD_12759493,2021-02-28,0,0,0,0,0,0,0
JD_12759491,2021-02-28,0,0,0,0,0,0,0
JD_12759489,2021-02-28,0,0,0,0,0,0,0
JD_12759481,2021-02-28,0,0,0,0,0,0,0
JD_12759479,2021-02-28,0,0,0,0,0,0,0
JD_12759477,2021-02-28,0,0,0,0,0,0,0
JD_12759475,2021-02-28,0,0,0,0,0,0,0
JD_12759473,2021-02-28,0,0,0,0,0,0,0
JD_12759469,2021-02-28,0,0,0,0,0,0,0
JD_12759465,2021-02-28,0,0,0,0,0,0,0
JD_12759463,2021-02-28,0,0,0,0,0,0,0
JD_12759461,2021-02-28,0,0,0,0,0,0,0
JD_12759459,2021-02-28,0,0,0,0,0,0,0
JD_12759457,2021-02-28,1,1,0,0,0,0,0
JD_12759439,2021-02-28,0,0,0,0,0,0,0
JD_12759437,2021-02-28,0,0,0,0,0,0,0
JD_12759432,2021-02-28,0,0,0,0,0,0,0
JD_12759421,2021-02-28,0,0,0,0,0,0,0
JD_12759403,2021-02-28,0,0,0,0,0,0,0
JD_12759394,2021-02-28,0,0,0,0,0,0,0
JD_12759387,2021-02-28,0,0,0,0,0,0,0
JD_12759385,2021-02-28,0,0,0,0,0,0,0
JD_12759349,2021-02-28,0,0,0,0,0,0,0
JD_12759347,2021-02-28,0,0,0,0,0,0,0
JD_12759345,2021-02-28,0,0,0,0,0,0,0
JD_12759343,2021-02-28,0,0,0,0,0,0,0
JD_12759331,2021-02-28,0,0,0,0,0,0,0
JD_12759329,2021-02-28,0,0,0,0,0,0,0
JD_12759325,2021-02-28,0,0,0,0,0,0,0
JD_12759323,2021-02-28,0,0,0,0,0,0,0
JD_12759320,2021-02-28,0,0,0,0,0,0,0
