JD_12742501,2021-02-28,0,0,0,0,0,0,0
JD_12742495,2021-02-28,0,0,0,0,0,0,0
JD_12742477,2021-02-28,0,0,0,0,0,0,0
JD_12742445,2021-02-28,0,0,0,0,0,0,0
JD_12742418,2021-02-28,0,0,0,0,0,0,0
JD_12742409,2021-02-28,0,0,0,0,0,0,0
JD_12742397,2021-02-28,0,0,0,0,0,0,0
JD_12742305,2021-02-28,0,0,0,0,0,0,0
JD_12742282,2021-02-28,0,0,0,0,0,0,0
JD_12742275,2021-02-28,0,0,0,0,0,0,0
JD_12742256,2021-02-28,0,0,0,0,0,0,0
JD_12742244,2021-02-28,0,0,0,0,0,0,0
JD_12742234,2021-02-28,0,0,0,0,0,0,0
JD_12742218,2021-02-28,0,0,0,0,0,0,0
JD_12742202,2021-02-28,0,0,0,0,0,0,0
JD_12742194,2021-02-28,0,0,0,0,0,0,0
JD_12742148,2021-02-28,0,0,0,0,0,0,0
JD_12742099,2021-02-28,0,0,0,0,0,0,0
JD_12742075,2021-02-28,0,0,0,0,0,0,0
JD_12742071,2021-02-28,0,0,0,0,0,0,0
JD_12742067,2021-02-28,0,0,0,0,0,0,0
JD_12742065,2021-02-28,0,0,0,0,0,0,0
JD_12742053,2021-02-28,0,0,0,0,0,0,0
JD_12742031,2021-02-28,0,0,0,0,0,0,0
JD_12742012,2021-02-28,0,0,0,0,0,0,0
JD_12741981,2021-02-28,0,0,0,0,0,0,0
JD_12741975,2021-02-28,0,0,0,0,0,0,0
JD_12741973,2021-02-28,0,0,0,0,0,0,0
JD_12741971,2021-02-28,0,0,0,0,0,0,0
JD_12741969,2021-02-28,1,1,0,0,0,0,0
JD_12741968,2021-02-28,0,0,0,0,0,0,0
JD_12741958,2021-02-28,0,0,0,0,0,0,0
JD_12741948,2021-02-28,0,0,0,0,0,0,0
JD_12741932,2021-02-28,0,0,0,0,0,0,0
JD_12741832,2021-02-28,0,0,0,0,0,0,0
JD_12741826,2021-02-28,0,0,0,0,0,0,0
JD_12741814,2021-02-28,0,0,0,0,0,0,0
JD_12741795,2021-02-28,0,0,0,0,0,0,0
JD_12741779,2021-02-28,0,0,0,0,0,0,0
JD_12741761,2021-02-28,0,0,0,0,0,0,0
JD_12741756,2021-02-28,0,0,0,0,0,0,0
JD_12741744,2021-02-28,0,0,0,0,0,0,0
JD_12741743,2021-02-28,0,0,0,0,0,0,0
JD_12741730,2021-02-28,0,0,0,0,0,0,0
JD_12741725,2021-02-28,0,0,0,0,0,0,0
JD_12741723,2021-02-28,0,0,0,0,0,0,0
JD_12741647,2021-02-28,0,0,0,0,0,0,0
JD_12741639,2021-02-28,0,0,0,0,0,0,0
JD_12741633,2021-02-28,0,0,0,0,0,0,0
JD_12741631,2021-02-28,0,0,0,0,0,0,0
JD_12741622,2021-02-28,0,0,0,0,0,0,0
JD_12741611,2021-02-28,0,0,0,0,0,0,0
JD_12741609,2021-02-28,0,0,0,0,0,0,0
JD_12741605,2021-02-28,1,1,0,0,0,0,0
JD_12741564,2021-02-28,0,0,0,0,0,0,0
JD_12741562,2021-02-28,0,0,0,0,0,0,0
JD_12741553,2021-02-28,1,0,0,1,0,0,0
JD_12741527,2021-02-28,0,0,0,0,0,0,0
JD_12741492,2021-02-28,0,0,0,0,0,0,0
JD_12741475,2021-02-28,0,0,0,0,0,0,0
JD_12741465,2021-02-28,0,0,0,0,0,0,0
JD_12741461,2021-02-28,0,0,0,0,0,0,0
JD_12741451,2021-02-28,0,0,0,0,0,0,0
JD_12741434,2021-02-28,0,0,0,0,0,0,0
JD_12741433,2021-02-28,0,0,0,0,0,0,0
JD_12741431,2021-02-28,0,0,0,0,0,0,0
JD_12741415,2021-02-28,0,0,0,0,0,0,0
JD_12741413,2021-02-28,0,0,0,0,0,0,0
JD_12741411,2021-02-28,0,0,0,0,0,0,0
JD_12741405,2021-02-28,0,0,0,0,0,0,0
