JD_12744567,2021-02-28,0,0,0,0,0,0,0
JD_12744561,2021-02-28,0,0,0,0,0,0,0
JD_12744555,2021-02-28,0,0,0,0,0,0,0
JD_12744554,2021-02-28,0,0,0,0,0,0,0
JD_12744552,2021-02-28,0,0,0,0,0,0,0
JD_12744549,2021-02-28,0,0,0,0,0,0,0
JD_12744545,2021-02-28,0,0,0,0,0,0,0
JD_12744543,2021-02-28,0,0,0,0,0,0,0
JD_12744542,2021-02-28,0,0,0,0,0,0,0
JD_12744539,2021-02-28,0,0,0,0,0,0,0
JD_12744537,2021-02-28,0,0,0,0,0,0,0
JD_12744532,2021-02-28,0,0,0,0,0,0,0
JD_12744531,2021-02-28,0,0,0,0,0,0,0
JD_12744519,2021-02-28,0,0,0,0,0,0,0
JD_12744515,2021-02-28,0,0,0,0,0,0,0
JD_12744508,2021-02-28,0,0,0,0,0,0,0
JD_12744507,2021-02-28,0,0,0,0,0,0,0
JD_12744501,2021-02-28,0,0,0,0,0,0,0
JD_12744500,2021-02-28,0,0,0,0,0,0,0
JD_12744499,2021-02-28,0,0,0,0,0,0,0
JD_12744498,2021-02-28,0,0,0,0,0,0,0
JD_12744497,2021-02-28,0,0,0,0,0,0,0
JD_12744493,2021-02-28,0,0,0,0,0,0,0
JD_12744491,2021-02-28,0,0,0,0,0,0,0
JD_12744488,2021-02-28,0,0,0,0,0,0,0
JD_12744487,2021-02-28,0,0,0,0,0,0,0
JD_12744483,2021-02-28,0,0,0,0,0,0,0
JD_12744479,2021-02-28,0,0,0,0,0,0,0
JD_12744477,2021-02-28,1,1,0,0,0,0,0
JD_12744473,2021-02-28,0,0,0,0,0,0,0
JD_12744460,2021-02-28,0,0,0,0,0,0,0
JD_12744459,2021-02-28,0,0,0,0,0,0,0
JD_12744432,2021-02-28,0,0,0,0,0,0,0
JD_12744427,2021-02-28,0,0,0,0,0,0,0
JD_12744416,2021-02-28,0,0,0,0,0,0,0
JD_12744374,2021-02-28,0,0,0,0,0,0,0
JD_12744357,2021-02-28,0,0,0,0,0,0,0
JD_12744355,2021-02-28,0,0,0,0,0,0,0
JD_12744353,2021-02-28,0,0,0,0,0,0,0
JD_12744351,2021-02-28,0,0,0,0,0,0,0
JD_12744331,2021-02-28,0,0,0,0,0,0,0
JD_12744323,2021-02-28,0,0,0,0,0,0,0
JD_12744321,2021-02-28,0,0,0,0,0,0,0
JD_12744313,2021-02-28,0,0,0,0,0,0,0
JD_12744299,2021-02-28,0,0,0,0,0,0,0
JD_12744297,2021-02-28,0,0,0,0,0,0,0
JD_12744295,2021-02-28,0,0,0,0,0,0,0
JD_12744281,2021-02-28,0,0,0,0,0,0,0
JD_12744269,2021-02-28,0,0,0,0,0,0,0
JD_12744267,2021-02-28,0,0,0,0,0,0,0
JD_12744263,2021-02-28,0,0,0,0,0,0,0
JD_12744261,2021-02-28,0,0,0,0,0,0,0
JD_12744255,2021-02-28,0,0,0,0,0,0,0
JD_12744247,2021-02-28,0,0,0,0,0,0,0
JD_12744245,2021-02-28,0,0,0,0,0,0,0
JD_12744241,2021-02-28,0,0,0,0,0,0,0
JD_12744235,2021-02-28,0,0,0,0,0,0,0
JD_12744231,2021-02-28,0,0,0,0,0,0,0
JD_12744225,2021-02-28,0,0,0,0,0,0,0
JD_12744215,2021-02-28,0,0,0,0,0,0,0
JD_12744198,2021-02-28,0,0,0,0,0,0,0
JD_12744185,2021-02-28,0,0,0,0,0,0,0
JD_12744173,2021-02-28,0,0,0,0,0,0,0
JD_12744171,2021-02-28,0,0,0,0,0,0,0
JD_12744163,2021-02-28,0,0,0,0,0,0,0
JD_12744149,2021-02-28,0,0,0,0,0,0,0
JD_12744147,2021-02-28,0,0,0,0,0,0,0
JD_12744137,2021-02-28,0,0,0,0,0,0,0
JD_12744130,2021-02-28,0,0,0,0,0,0,0
JD_12744129,2021-02-28,0,0,0,0,0,0,0
