JD_12618729,2021-02-28,0,0,0,0,0,0,0
JD_12618713,2021-02-28,0,0,0,0,0,0,0
JD_12618663,2021-02-28,0,0,0,0,0,0,0
JD_12618660,2021-02-28,0,0,0,0,0,0,0
JD_12618654,2021-02-28,0,0,0,0,0,0,0
JD_12618638,2021-02-28,0,0,0,0,0,0,0
JD_12618601,2021-02-28,0,0,0,0,0,0,0
JD_12618598,2021-02-28,0,0,0,0,0,0,0
JD_12618535,2021-02-28,0,0,0,0,0,0,0
JD_12618533,2021-02-28,0,0,0,0,0,0,0
JD_12618407,2021-02-28,0,0,0,0,0,0,0
JD_12618405,2021-02-28,0,0,0,0,0,0,0
JD_12618399,2021-02-28,0,0,0,0,0,0,0
JD_12618395,2021-02-28,0,0,0,0,0,0,0
JD_12618394,2021-02-28,0,0,0,0,0,0,0
JD_12618367,2021-02-28,0,0,0,0,0,0,0
JD_12618363,2021-02-28,0,0,0,0,0,0,0
JD_12618339,2021-02-28,0,0,0,0,0,0,0
JD_12618315,2021-02-28,0,0,0,0,0,0,0
JD_12618313,2021-02-28,0,0,0,0,0,0,0
JD_12618311,2021-02-28,0,0,0,0,0,0,0
JD_12618297,2021-02-28,0,0,0,0,0,0,0
JD_12618257,2021-02-28,0,0,0,0,0,0,0
JD_12618222,2021-02-28,0,0,0,0,0,0,0
JD_12618143,2021-02-28,0,0,0,0,0,0,0
JD_12618119,2021-02-28,0,0,0,0,0,0,0
JD_12618083,2021-02-28,0,0,0,0,0,0,0
JD_12618079,2021-02-28,0,0,0,0,0,0,0
JD_12618071,2021-02-28,0,0,0,0,0,0,0
JD_12618055,2021-02-28,0,0,0,0,0,0,0
JD_12618042,2021-02-28,0,0,0,0,0,0,0
JD_12617999,2021-02-28,0,0,0,0,0,0,0
JD_12617994,2021-02-28,0,0,0,0,0,0,0
JD_12617992,2021-02-28,0,0,0,0,0,0,0
JD_12617990,2021-02-28,0,0,0,0,0,0,0
JD_12617988,2021-02-28,0,0,0,0,0,0,0
JD_12617983,2021-02-28,0,0,0,0,0,0,0
JD_12617976,2021-02-28,0,0,0,0,0,0,0
JD_12617941,2021-02-28,0,0,0,0,0,0,0
JD_12617938,2021-02-28,0,0,0,0,0,0,0
JD_12617927,2021-02-28,0,0,0,0,0,0,0
JD_12617922,2021-02-28,0,0,0,0,0,0,0
JD_12617912,2021-02-28,0,0,0,0,0,0,0
JD_12617910,2021-02-28,0,0,0,0,0,0,0
JD_12617908,2021-02-28,0,0,0,0,0,0,0
JD_12617907,2021-02-28,0,0,0,0,0,0,0
JD_12617886,2021-02-28,0,0,0,0,0,0,0
JD_12617883,2021-02-28,0,0,0,0,0,0,0
JD_12617881,2021-02-28,0,0,0,0,0,0,0
JD_12617873,2021-02-28,0,0,0,0,0,0,0
JD_12617865,2021-02-28,0,0,0,0,0,0,0
JD_12617861,2021-02-28,0,0,0,0,0,0,0
JD_12617859,2021-02-28,0,0,0,0,0,0,0
JD_12617857,2021-02-28,0,0,0,0,0,0,0
JD_12617855,2021-02-28,0,0,0,0,0,0,0
JD_12617851,2021-02-28,0,0,0,0,0,0,0
JD_12617849,2021-02-28,0,0,0,0,0,0,0
JD_12617833,2021-02-28,0,0,0,0,0,0,0
JD_12617827,2021-02-28,0,0,0,0,0,0,0
JD_12617781,2021-02-28,0,0,0,0,0,0,0
JD_12617750,2021-02-28,0,0,0,0,0,0,0
JD_12617738,2021-02-28,0,0,0,0,0,0,0
JD_12617724,2021-02-28,0,0,0,0,0,0,0
JD_12617723,2021-02-28,0,0,0,0,0,0,0
JD_12617707,2021-02-28,0,0,0,0,0,0,0
JD_12617699,2021-02-28,0,0,0,0,0,0,0
JD_12617697,2021-02-28,0,0,0,0,0,0,0
JD_12617696,2021-02-28,0,0,0,0,0,0,0
JD_12617695,2021-02-28,0,0,0,0,0,0,0
JD_12617683,2021-02-28,0,0,0,0,0,0,0
