JD_12508891,2021-02-28,0,0,0,0,0,0,0
JD_12508889,2021-02-28,0,0,0,0,0,0,0
JD_12508819,2021-02-28,0,0,0,0,0,0,0
JD_12508785,2021-02-28,0,0,0,0,0,0,0
JD_12508775,2021-02-28,0,0,0,0,0,0,0
JD_12508771,2021-02-28,0,0,0,0,0,0,0
JD_12508697,2021-02-28,0,0,0,0,0,0,0
JD_12508695,2021-02-28,0,0,0,0,0,0,0
JD_12508571,2021-02-28,0,0,0,0,0,0,0
JD_12508553,2021-02-28,0,0,0,0,0,0,0
JD_12508547,2021-02-28,0,0,0,0,0,0,0
JD_12508400,2021-02-28,0,0,0,0,0,0,0
JD_12508398,2021-02-28,0,0,0,0,0,0,0
JD_12508393,2021-02-28,0,0,0,0,0,0,0
JD_12508333,2021-02-28,0,0,0,0,0,0,0
JD_12508332,2021-02-28,0,0,0,0,0,0,0
JD_12508253,2021-02-28,0,0,0,0,0,0,0
JD_12508145,2021-02-28,0,0,0,0,0,0,0
JD_12508037,2021-02-28,0,0,0,0,0,0,0
JD_12507865,2021-02-28,0,0,0,0,0,0,0
JD_12507863,2021-02-28,0,0,0,0,0,0,0
JD_12507845,2021-02-28,0,0,0,0,0,0,0
JD_12507745,2021-02-28,0,0,0,0,0,0,0
JD_12507739,2021-02-28,0,0,0,0,0,0,0
JD_12507661,2021-02-28,0,0,0,0,0,0,0
JD_12507624,2021-02-28,0,0,0,0,0,0,0
JD_12507573,2021-02-28,0,0,0,0,0,0,0
JD_12507463,2021-02-28,0,0,0,0,0,0,0
JD_12507449,2021-02-28,0,0,0,0,0,0,0
JD_12507411,2021-02-28,0,0,0,0,0,0,0
JD_12507403,2021-02-28,0,0,0,0,0,0,0
JD_12507401,2021-02-28,0,0,0,0,0,0,0
JD_12507383,2021-02-28,0,0,0,0,0,0,0
JD_12507377,2021-02-28,0,0,0,0,0,0,0
JD_12507107,2021-02-28,0,0,0,0,0,0,0
JD_12507025,2021-02-28,0,0,0,0,0,0,0
JD_12507019,2021-02-28,0,0,0,0,0,0,0
JD_12506959,2021-02-28,0,0,0,0,0,0,0
JD_12506947,2021-02-28,0,0,0,0,0,0,0
JD_12506943,2021-02-28,0,0,0,0,0,0,0
JD_12506911,2021-02-28,0,0,0,0,0,0,0
JD_12506837,2021-02-28,0,0,0,0,0,0,0
JD_12506741,2021-02-28,0,0,0,0,0,0,0
JD_12506663,2021-02-28,0,0,0,0,0,0,0
JD_12506661,2021-02-28,0,0,0,0,0,0,0
JD_12506573,2021-02-28,0,0,0,0,0,0,0
JD_12506551,2021-02-28,0,0,0,0,0,0,0
JD_12506515,2021-02-28,0,0,0,0,0,0,0
JD_12506437,2021-02-28,0,0,0,0,0,0,0
JD_12506217,2021-02-28,0,0,0,0,0,0,0
JD_12506203,2021-02-28,0,0,0,0,0,0,0
JD_12506201,2021-02-28,0,0,0,0,0,0,0
JD_12506185,2021-02-28,0,0,0,0,0,0,0
JD_12506137,2021-02-28,0,0,0,0,0,0,0
JD_12505953,2021-02-28,0,0,0,0,0,0,0
JD_12505909,2021-02-28,0,0,0,0,0,0,0
JD_12505897,2021-02-28,0,0,0,0,0,0,0
JD_12505895,2021-02-28,0,0,0,0,0,0,0
JD_12505782,2021-02-28,0,0,0,0,0,0,0
JD_12505710,2021-02-28,1,1,0,0,0,0,0
JD_12505697,2021-02-28,0,0,0,0,0,0,0
JD_12505681,2021-02-28,0,0,0,0,0,0,0
JD_12505677,2021-02-28,0,0,0,0,0,0,0
JD_12505673,2021-02-28,0,0,0,0,0,0,0
JD_12505479,2021-02-28,0,0,0,0,0,0,0
JD_12505339,2021-02-28,0,0,0,0,0,0,0
JD_12505325,2021-02-28,0,0,0,0,0,0,0
JD_12505309,2021-02-28,1,1,0,0,0,0,0
JD_12505253,2021-02-28,0,0,0,0,0,0,0
JD_12505245,2021-02-28,0,0,0,0,0,0,0
