JD_13012004,2021-02-28,0,0,0,0,0,0,0
JD_13012000,2021-02-28,0,0,0,0,0,0,0
JD_13011998,2021-02-28,0,0,0,0,0,0,0
JD_13011962,2021-02-28,0,0,0,0,0,0,0
JD_13011944,2021-02-28,0,0,0,0,0,0,0
JD_13011942,2021-02-28,0,0,0,0,0,0,0
JD_13011934,2021-02-28,0,0,0,0,0,0,0
JD_13011928,2021-02-28,0,0,0,0,0,0,0
JD_13011904,2021-02-28,0,0,0,0,0,0,0
JD_13011902,2021-02-28,0,0,0,0,0,0,0
JD_13011900,2021-02-28,0,0,0,0,0,0,0
JD_13011890,2021-02-28,0,0,0,0,0,0,0
JD_13011884,2021-02-28,0,0,0,0,0,0,0
JD_13011864,2021-02-28,0,0,0,0,0,0,0
JD_13011858,2021-02-28,0,0,0,0,0,0,0
JD_13011856,2021-02-28,0,0,0,0,0,0,0
JD_13011762,2021-02-28,0,0,0,0,0,0,0
JD_13011716,2021-02-28,0,0,0,0,0,0,0
JD_13011710,2021-02-28,0,0,0,0,0,0,0
JD_13011694,2021-02-28,0,0,0,0,0,0,0
JD_13011688,2021-02-28,0,0,0,0,0,0,0
JD_13011684,2021-02-28,0,0,0,0,0,0,0
JD_13011682,2021-02-28,0,0,0,0,0,0,0
JD_13011672,2021-02-28,0,0,0,0,0,0,0
JD_13011660,2021-02-28,0,0,0,0,0,0,0
JD_13011644,2021-02-28,0,0,0,0,0,0,0
JD_13011642,2021-02-28,0,0,0,0,0,0,0
JD_13011594,2021-02-28,0,0,0,0,0,0,0
JD_13011592,2021-02-28,0,0,0,0,0,0,0
JD_13011544,2021-02-28,0,0,0,0,0,0,0
JD_13011522,2021-02-28,0,0,0,0,0,0,0
JD_13011514,2021-02-28,0,0,0,0,0,0,0
JD_13011508,2021-02-28,0,0,0,0,0,0,0
JD_13011506,2021-02-28,0,0,0,0,0,0,0
JD_13011496,2021-02-28,0,0,0,0,0,0,0
JD_13011490,2021-02-28,0,0,0,0,0,0,0
JD_13011480,2021-02-28,0,0,0,0,0,0,0
JD_13011472,2021-02-28,0,0,0,0,0,0,0
JD_13011468,2021-02-28,0,0,0,0,0,0,0
JD_13007560,2021-02-28,0,0,0,0,0,0,0
JD_13007554,2021-02-28,0,0,0,0,0,0,0
JD_13007552,2021-02-28,0,0,0,0,0,0,0
JD_13007548,2021-02-28,0,0,0,0,0,0,0
JD_13007540,2021-02-28,0,0,0,0,0,0,0
JD_13007536,2021-02-28,0,0,0,0,0,0,0
JD_13007532,2021-02-28,0,0,0,0,0,0,0
JD_13007530,2021-02-28,0,0,0,0,0,0,0
JD_13007528,2021-02-28,0,0,0,0,0,0,0
JD_13007520,2021-02-28,0,0,0,0,0,0,0
JD_13007518,2021-02-28,0,0,0,0,0,0,0
JD_13007516,2021-02-28,0,0,0,0,0,0,0
JD_13007512,2021-02-28,0,0,0,0,0,0,0
JD_13007468,2021-02-28,0,0,0,0,0,0,0
JD_13007444,2021-02-28,0,0,0,0,0,0,0
JD_13007442,2021-02-28,0,0,0,0,0,0,0
JD_13007430,2021-02-28,0,0,0,0,0,0,0
JD_13007400,2021-02-28,0,0,0,0,0,0,0
JD_13007378,2021-02-28,0,0,0,0,0,0,0
JD_13007360,2021-02-28,0,0,0,0,0,0,0
JD_13007348,2021-02-28,0,0,0,0,0,0,0
JD_13007324,2021-02-28,0,0,0,0,0,0,0
JD_13007306,2021-02-28,0,0,0,0,0,0,0
JD_13007276,2021-02-28,0,0,0,0,0,0,0
JD_13007270,2021-02-28,0,0,0,0,0,0,0
JD_13007268,2021-02-28,0,0,0,0,0,0,0
JD_13007264,2021-02-28,0,0,0,0,0,0,0
JD_13007258,2021-02-28,0,0,0,0,0,0,0
JD_13007240,2021-02-28,0,0,0,0,0,0,0
JD_13007234,2021-02-28,0,0,0,0,0,0,0
JD_13007226,2021-02-28,0,0,0,0,0,0,0
