JD_12712359,2021-02-28,0,0,0,0,0,0,0
JD_12712348,2021-02-28,0,0,0,0,0,0,0
JD_12712344,2021-02-28,0,0,0,0,0,0,0
JD_12712342,2021-02-28,0,0,0,0,0,0,0
JD_12712305,2021-02-28,0,0,0,0,0,0,0
JD_12712296,2021-02-28,0,0,0,0,0,0,0
JD_12712279,2021-02-28,0,0,0,0,0,0,0
JD_12712258,2021-02-28,0,0,0,0,0,0,0
JD_12712240,2021-02-28,0,0,0,0,0,0,0
JD_12712238,2021-02-28,0,0,0,0,0,0,0
JD_12712234,2021-02-28,0,0,0,0,0,0,0
JD_12712219,2021-02-28,0,0,0,0,0,0,0
JD_12712206,2021-02-28,0,0,0,0,0,0,0
JD_12712202,2021-02-28,0,0,0,0,0,0,0
JD_12712196,2021-02-28,0,0,0,0,0,0,0
JD_12712193,2021-02-28,0,0,0,0,0,0,0
JD_12712191,2021-02-28,0,0,0,0,0,0,0
JD_12712148,2021-02-28,0,0,0,0,0,0,0
JD_12712146,2021-02-28,0,0,0,0,0,0,0
JD_12712130,2021-02-28,0,0,0,0,0,0,0
JD_12712123,2021-02-28,0,0,0,0,0,0,0
JD_12712121,2021-02-28,0,0,0,0,0,0,0
JD_12712118,2021-02-28,0,0,0,0,0,0,0
JD_12712110,2021-02-28,0,0,0,0,0,0,0
JD_12712107,2021-02-28,0,0,0,0,0,0,0
JD_12712103,2021-02-28,0,0,0,0,0,0,0
JD_12712097,2021-02-28,0,0,0,0,0,0,0
JD_12712085,2021-02-28,0,0,0,0,0,0,0
JD_12712080,2021-02-28,0,0,0,0,0,0,0
JD_12712079,2021-02-28,0,0,0,0,0,0,0
JD_12712077,2021-02-28,0,0,0,0,0,0,0
JD_12712073,2021-02-28,1,1,0,0,0,0,0
JD_12712068,2021-02-28,0,0,0,0,0,0,0
JD_12712057,2021-02-28,0,0,0,0,0,0,0
JD_12712053,2021-02-28,0,0,0,0,0,0,0
JD_12712051,2021-02-28,0,0,0,0,0,0,0
JD_12712047,2021-02-28,0,0,0,0,0,0,0
JD_12712012,2021-02-28,0,0,0,0,0,0,0
JD_12712010,2021-02-28,0,0,0,0,0,0,0
JD_12712004,2021-02-28,0,0,0,0,0,0,0
JD_12712002,2021-02-28,0,0,0,0,0,0,0
JD_12712000,2021-02-28,0,0,0,0,0,0,0
JD_12711998,2021-02-28,0,0,0,0,0,0,0
JD_12711988,2021-02-28,0,0,0,0,0,0,0
JD_12711986,2021-02-28,0,0,0,0,0,0,0
JD_12711982,2021-02-28,0,0,0,0,0,0,0
JD_12711978,2021-02-28,0,0,0,0,0,0,0
JD_12711976,2021-02-28,0,0,0,0,0,0,0
JD_12711964,2021-02-28,0,0,0,0,0,0,0
JD_12711954,2021-02-28,0,0,0,0,0,0,0
JD_12711952,2021-02-28,0,0,0,0,0,0,0
JD_12711950,2021-02-28,0,0,0,0,0,0,0
JD_12711949,2021-02-28,0,0,0,0,0,0,0
JD_12711948,2021-02-28,0,0,0,0,0,0,0
JD_12711947,2021-02-28,0,0,0,0,0,0,0
JD_12711938,2021-02-28,0,0,0,0,0,0,0
JD_12711936,2021-02-28,0,0,0,0,0,0,0
JD_12711934,2021-02-28,0,0,0,0,0,0,0
JD_12711933,2021-02-28,2,1,1,0,0,0,0
JD_12711924,2021-02-28,0,0,0,0,0,0,0
JD_12711920,2021-02-28,0,0,0,0,0,0,0
JD_12711907,2021-02-28,0,0,0,0,0,0,0
JD_12711898,2021-02-28,0,0,0,0,0,0,0
JD_12711886,2021-02-28,0,0,0,0,0,0,0
JD_12711883,2021-02-28,0,0,0,0,0,0,0
JD_12711867,2021-02-28,0,0,0,0,0,0,0
JD_12711866,2021-02-28,0,0,0,0,0,0,0
JD_12711859,2021-02-28,0,0,0,0,0,0,0
JD_12711855,2021-02-28,0,0,0,0,0,0,0
JD_12711852,2021-02-28,0,0,0,0,0,0,0
