JD_12677317,2021-02-28,0,0,0,0,0,0,0
JD_12677313,2021-02-28,0,0,0,0,0,0,0
JD_12677285,2021-02-28,0,0,0,0,0,0,0
JD_12677275,2021-02-28,0,0,0,0,0,0,0
JD_12677272,2021-02-28,0,0,0,0,0,0,0
JD_12677254,2021-02-28,0,0,0,0,0,0,0
JD_12677253,2021-02-28,0,0,0,0,0,0,0
JD_12677230,2021-02-28,0,0,0,0,0,0,0
JD_12677229,2021-02-28,0,0,0,0,0,0,0
JD_12677218,2021-02-28,0,0,0,0,0,0,0
JD_12677195,2021-02-28,0,0,0,0,0,0,0
JD_12677185,2021-02-28,0,0,0,0,0,0,0
JD_12677179,2021-02-28,0,0,0,0,0,0,0
JD_12677130,2021-02-28,0,0,0,0,0,0,0
JD_12677011,2021-02-28,0,0,0,0,0,0,0
JD_12676928,2021-02-28,0,0,0,0,0,0,0
JD_12676926,2021-02-28,0,0,0,0,0,0,0
JD_12676905,2021-02-28,0,0,0,0,0,0,0
JD_12676869,2021-02-28,0,0,0,0,0,0,0
JD_12676867,2021-02-28,0,0,0,0,0,0,0
JD_12676856,2021-02-28,0,0,0,0,0,0,0
JD_12676854,2021-02-28,0,0,0,0,0,0,0
JD_12676845,2021-02-28,0,0,0,0,0,0,0
JD_12676839,2021-02-28,0,0,0,0,0,0,0
JD_12676827,2021-02-28,0,0,0,0,0,0,0
JD_12676796,2021-02-28,0,0,0,0,0,0,0
JD_12676795,2021-02-28,0,0,0,0,0,0,0
JD_12676748,2021-02-28,0,0,0,0,0,0,0
JD_12676737,2021-02-28,0,0,0,0,0,0,0
JD_12676717,2021-02-28,0,0,0,0,0,0,0
JD_12676697,2021-02-28,0,0,0,0,0,0,0
JD_12676695,2021-02-28,0,0,0,0,0,0,0
JD_12676687,2021-02-28,0,0,0,0,0,0,0
JD_12676685,2021-02-28,0,0,0,0,0,0,0
JD_12676654,2021-02-28,0,0,0,0,0,0,0
JD_12676652,2021-02-28,0,0,0,0,0,0,0
JD_12676643,2021-02-28,0,0,0,0,0,0,0
JD_12676640,2021-02-28,0,0,0,0,0,0,0
JD_12676630,2021-02-28,0,0,0,0,0,0,0
JD_12676613,2021-02-28,0,0,0,0,0,0,0
JD_12676599,2021-02-28,0,0,0,0,0,0,0
JD_12676595,2021-02-28,0,0,0,0,0,0,0
JD_12676587,2021-02-28,0,0,0,0,0,0,0
JD_12676486,2021-02-28,0,0,0,0,0,0,0
JD_12676464,2021-02-28,0,0,0,0,0,0,0
JD_12676462,2021-02-28,0,0,0,0,0,0,0
JD_12676458,2021-02-28,0,0,0,0,0,0,0
JD_12676456,2021-02-28,0,0,0,0,0,0,0
JD_12676452,2021-02-28,0,0,0,0,0,0,0
JD_12676450,2021-02-28,0,0,0,0,0,0,0
JD_12676446,2021-02-28,0,0,0,0,0,0,0
JD_12676444,2021-02-28,0,0,0,0,0,0,0
JD_12676440,2021-02-28,0,0,0,0,0,0,0
JD_12676432,2021-02-28,0,0,0,0,0,0,0
JD_12676423,2021-02-28,0,0,0,0,0,0,0
JD_12676421,2021-02-28,0,0,0,0,0,0,0
JD_12676403,2021-02-28,0,0,0,0,0,0,0
JD_12676400,2021-02-28,0,0,0,0,0,0,0
JD_12676366,2021-02-28,0,0,0,0,0,0,0
JD_12676362,2021-02-28,0,0,0,0,0,0,0
JD_12676360,2021-02-28,0,0,0,0,0,0,0
JD_12676358,2021-02-28,0,0,0,0,0,0,0
JD_12676348,2021-02-28,0,0,0,0,0,0,0
JD_12676346,2021-02-28,0,0,0,0,0,0,0
JD_12676344,2021-02-28,0,0,0,0,0,0,0
JD_12676338,2021-02-28,0,0,0,0,0,0,0
JD_12676334,2021-02-28,0,0,0,0,0,0,0
JD_12676330,2021-02-28,0,0,0,0,0,0,0
JD_12676312,2021-02-28,0,0,0,0,0,0,0
JD_12676306,2021-02-28,0,0,0,0,0,0,0
