JD_12640606,2021-02-28,0,0,0,0,0,0,0
JD_12640604,2021-02-28,0,0,0,0,0,0,0
JD_12640588,2021-02-28,0,0,0,0,0,0,0
JD_12640586,2021-02-28,0,0,0,0,0,0,0
JD_12640578,2021-02-28,0,0,0,0,0,0,0
JD_12640576,2021-02-28,0,0,0,0,0,0,0
JD_12640573,2021-02-28,0,0,0,0,0,0,0
JD_12640562,2021-02-28,0,0,0,0,0,0,0
JD_12640560,2021-02-28,0,0,0,0,0,0,0
JD_12640543,2021-02-28,0,0,0,0,0,0,0
JD_12640527,2021-02-28,0,0,0,0,0,0,0
JD_12640519,2021-02-28,0,0,0,0,0,0,0
JD_12640511,2021-02-28,0,0,0,0,0,0,0
JD_12640508,2021-02-28,0,0,0,0,0,0,0
JD_12640491,2021-02-28,0,0,0,0,0,0,0
JD_12640487,2021-02-28,0,0,0,0,0,0,0
JD_12640474,2021-02-28,0,0,0,0,0,0,0
JD_12640473,2021-02-28,0,0,0,0,0,0,0
JD_12640470,2021-02-28,0,0,0,0,0,0,0
JD_12640457,2021-02-28,0,0,0,0,0,0,0
JD_12640447,2021-02-28,0,0,0,0,0,0,0
JD_12640441,2021-02-28,0,0,0,0,0,0,0
JD_12640435,2021-02-28,0,0,0,0,0,0,0
JD_12640429,2021-02-28,0,0,0,0,0,0,0
JD_12640425,2021-02-28,0,0,0,0,0,0,0
JD_12640413,2021-02-28,0,0,0,0,0,0,0
JD_12640410,2021-02-28,0,0,0,0,0,0,0
JD_12640408,2021-02-28,0,0,0,0,0,0,0
JD_12640394,2021-02-28,0,0,0,0,0,0,0
JD_12640392,2021-02-28,0,0,0,0,0,0,0
JD_12640367,2021-02-28,0,0,0,0,0,0,0
JD_12640357,2021-02-28,0,0,0,0,0,0,0
JD_12640347,2021-02-28,0,0,0,0,0,0,0
JD_12640345,2021-02-28,0,0,0,0,0,0,0
JD_12640339,2021-02-28,0,0,0,0,0,0,0
JD_12640309,2021-02-28,0,0,0,0,0,0,0
JD_12640274,2021-02-28,0,0,0,0,0,0,0
JD_12640125,2021-02-28,0,0,0,0,0,0,0
JD_12640107,2021-02-28,0,0,0,0,0,0,0
JD_12640106,2021-02-28,0,0,0,0,0,0,0
JD_12640105,2021-02-28,0,0,0,0,0,0,0
JD_12640104,2021-02-28,0,0,0,0,0,0,0
JD_12640076,2021-02-28,0,0,0,0,0,0,0
JD_12640066,2021-02-28,0,0,0,0,0,0,0
JD_12640056,2021-02-28,0,0,0,0,0,0,0
JD_12640029,2021-02-28,0,0,0,0,0,0,0
JD_12640022,2021-02-28,0,0,0,0,0,0,0
JD_12640015,2021-02-28,0,0,0,0,0,0,0
JD_12639993,2021-02-28,0,0,0,0,0,0,0
JD_12639972,2021-02-28,0,0,0,0,0,0,0
JD_12639926,2021-02-28,0,0,0,0,0,0,0
JD_12639917,2021-02-28,0,0,0,0,0,0,0
JD_12639704,2021-02-28,0,0,0,0,0,0,0
JD_12639671,2021-02-28,0,0,0,0,0,0,0
JD_12639652,2021-02-28,0,0,0,0,0,0,0
JD_12639632,2021-02-28,0,0,0,0,0,0,0
JD_12639629,2021-02-28,0,0,0,0,0,0,0
JD_12639591,2021-02-28,0,0,0,0,0,0,0
JD_12639583,2021-02-28,0,0,0,0,0,0,0
JD_12639564,2021-02-28,0,0,0,0,0,0,0
JD_12639557,2021-02-28,0,0,0,0,0,0,0
JD_12639554,2021-02-28,0,0,0,0,0,0,0
JD_12639547,2021-02-28,0,0,0,0,0,0,0
JD_12639529,2021-02-28,0,0,0,0,0,0,0
JD_12639505,2021-02-28,0,0,0,0,0,0,0
JD_12639503,2021-02-28,0,0,0,0,0,0,0
JD_12639501,2021-02-28,0,0,0,0,0,0,0
JD_12639495,2021-02-28,0,0,0,0,0,0,0
JD_12639491,2021-02-28,0,0,0,0,0,0,0
JD_12639485,2021-02-28,0,0,0,0,0,0,0
