JD_12763782,2021-02-28,0,0,0,0,0,0,0
JD_12763771,2021-02-28,0,0,0,0,0,0,0
JD_12763762,2021-02-28,0,0,0,0,0,0,0
JD_12763751,2021-02-28,0,0,0,0,0,0,0
JD_12763746,2021-02-28,0,0,0,0,0,0,0
JD_12763743,2021-02-28,0,0,0,0,0,0,0
JD_12763737,2021-02-28,0,0,0,0,0,0,0
JD_12763724,2021-02-28,0,0,0,0,0,0,0
JD_12763719,2021-02-28,0,0,0,0,0,0,0
JD_12763707,2021-02-28,0,0,0,0,0,0,0
JD_12763695,2021-02-28,0,0,0,0,0,0,0
JD_12763689,2021-02-28,0,0,0,0,0,0,0
JD_12763685,2021-02-28,0,0,0,0,0,0,0
JD_12763683,2021-02-28,0,0,0,0,0,0,0
JD_12763681,2021-02-28,0,0,0,0,0,0,0
JD_12763680,2021-02-28,0,0,0,0,0,0,0
JD_12763679,2021-02-28,0,0,0,0,0,0,0
JD_12763675,2021-02-28,1,1,0,0,0,0,0
JD_12763673,2021-02-28,1,1,0,0,0,0,0
JD_12763671,2021-02-28,0,0,0,0,0,0,0
JD_12763669,2021-02-28,0,0,0,0,0,0,0
JD_12763667,2021-02-28,0,0,0,0,0,0,0
JD_12763665,2021-02-28,0,0,0,0,0,0,0
JD_12763663,2021-02-28,0,0,0,0,0,0,0
JD_12763661,2021-02-28,0,0,0,0,0,0,0
JD_12763659,2021-02-28,0,0,0,0,0,0,0
JD_12763657,2021-02-28,0,0,0,0,0,0,0
JD_12763651,2021-02-28,0,0,0,0,0,0,0
JD_12763649,2021-02-28,0,0,0,0,0,0,0
JD_12763647,2021-02-28,0,0,0,0,0,0,0
JD_12763642,2021-02-28,0,0,0,0,0,0,0
JD_12763641,2021-02-28,0,0,0,0,0,0,0
JD_12763639,2021-02-28,0,0,0,0,0,0,0
JD_12763637,2021-02-28,0,0,0,0,0,0,0
JD_12763635,2021-02-28,0,0,0,0,0,0,0
JD_12763633,2021-02-28,0,0,0,0,0,0,0
JD_12763632,2021-02-28,0,0,0,0,0,0,0
JD_12763629,2021-02-28,0,0,0,0,0,0,0
JD_12763628,2021-02-28,0,0,0,0,0,0,0
JD_12763627,2021-02-28,0,0,0,0,0,0,0
JD_12763623,2021-02-28,0,0,0,0,0,0,0
JD_12763619,2021-02-28,0,0,0,0,0,0,0
JD_12763617,2021-02-28,0,0,0,0,0,0,0
JD_12763615,2021-02-28,0,0,0,0,0,0,0
JD_12763613,2021-02-28,0,0,0,0,0,0,0
JD_12763612,2021-02-28,0,0,0,0,0,0,0
JD_12763611,2021-02-28,0,0,0,0,0,0,0
JD_12763610,2021-02-28,0,0,0,0,0,0,0
JD_12763609,2021-02-28,0,0,0,0,0,0,0
JD_12763606,2021-02-28,0,0,0,0,0,0,0
JD_12763605,2021-02-28,0,0,0,0,0,0,0
JD_12763603,2021-02-28,0,0,0,0,0,0,0
JD_12763599,2021-02-28,0,0,0,0,0,0,0
JD_12763598,2021-02-28,0,0,0,0,0,0,0
JD_12763593,2021-02-28,0,0,0,0,0,0,0
JD_12763591,2021-02-28,0,0,0,0,0,0,0
JD_12763590,2021-02-28,0,0,0,0,0,0,0
JD_12763587,2021-02-28,0,0,0,0,0,0,0
JD_12763583,2021-02-28,0,0,0,0,0,0,0
JD_12763579,2021-02-28,0,0,0,0,0,0,0
JD_12763573,2021-02-28,0,0,0,0,0,0,0
JD_12763572,2021-02-28,0,0,0,0,0,0,0
JD_12763567,2021-02-28,0,0,0,0,0,0,0
JD_12763561,2021-02-28,0,0,0,0,0,0,0
JD_12763520,2021-02-28,0,0,0,0,0,0,0
JD_12763515,2021-02-28,0,0,0,0,0,0,0
JD_12763512,2021-02-28,0,0,0,0,0,0,0
JD_12763511,2021-02-28,0,0,0,0,0,0,0
JD_12763509,2021-02-28,0,0,0,0,0,0,0
JD_12763507,2021-02-28,0,0,0,0,0,0,0
