JD_12730977,2021-02-28,0,0,0,0,0,0,0
JD_12730973,2021-02-28,0,0,0,0,0,0,0
JD_12730971,2021-02-28,0,0,0,0,0,0,0
JD_12730967,2021-02-28,0,0,0,0,0,0,0
JD_12730961,2021-02-28,0,0,0,0,0,0,0
JD_12730951,2021-02-28,0,0,0,0,0,0,0
JD_12730931,2021-02-28,0,0,0,0,0,0,0
JD_12730921,2021-02-28,0,0,0,0,0,0,0
JD_12730915,2021-02-28,0,0,0,0,0,0,0
JD_12730909,2021-02-28,0,0,0,0,0,0,0
JD_12730908,2021-02-28,0,0,0,0,0,0,0
JD_12730905,2021-02-28,0,0,0,0,0,0,0
JD_12730899,2021-02-28,0,0,0,0,0,0,0
JD_12730897,2021-02-28,0,0,0,0,0,0,0
JD_12730883,2021-02-28,0,0,0,0,0,0,0
JD_12730878,2021-02-28,0,0,0,0,0,0,0
JD_12730875,2021-02-28,0,0,0,0,0,0,0
JD_12730872,2021-02-28,0,0,0,0,0,0,0
JD_12730871,2021-02-28,0,0,0,0,0,0,0
JD_12730868,2021-02-28,0,0,0,0,0,0,0
JD_12730867,2021-02-28,0,0,0,0,0,0,0
JD_12730859,2021-02-28,0,0,0,0,0,0,0
JD_12730851,2021-02-28,0,0,0,0,0,0,0
JD_12730842,2021-02-28,0,0,0,0,0,0,0
JD_12730840,2021-02-28,0,0,0,0,0,0,0
JD_12730838,2021-02-28,0,0,0,0,0,0,0
JD_12730820,2021-02-28,0,0,0,0,0,0,0
JD_12730812,2021-02-28,0,0,0,0,0,0,0
JD_12730810,2021-02-28,0,0,0,0,0,0,0
JD_12730750,2021-02-28,0,0,0,0,0,0,0
JD_12730742,2021-02-28,0,0,0,0,0,0,0
JD_12730726,2021-02-28,0,0,0,0,0,0,0
JD_12730716,2021-02-28,0,0,0,0,0,0,0
JD_12730710,2021-02-28,0,0,0,0,0,0,0
JD_12730644,2021-02-28,0,0,0,0,0,0,0
JD_12730638,2021-02-28,0,0,0,0,0,0,0
JD_12730636,2021-02-28,0,0,0,0,0,0,0
JD_12730620,2021-02-28,0,0,0,0,0,0,0
JD_12730618,2021-02-28,0,0,0,0,0,0,0
JD_12730600,2021-02-28,0,0,0,0,0,0,0
JD_12730596,2021-02-28,0,0,0,0,0,0,0
JD_12730561,2021-02-28,0,0,0,0,0,0,0
JD_12730490,2021-02-28,0,0,0,0,0,0,0
JD_12730480,2021-02-28,0,0,0,0,0,0,0
JD_12730471,2021-02-28,0,0,0,0,0,0,0
JD_12730469,2021-02-28,0,0,0,0,0,0,0
JD_12730455,2021-02-28,0,0,0,0,0,0,0
JD_12730393,2021-02-28,0,0,0,0,0,0,0
JD_12730319,2021-02-28,0,0,0,0,0,0,0
JD_12730309,2021-02-28,0,0,0,0,0,0,0
JD_12730303,2021-02-28,0,0,0,0,0,0,0
JD_12730290,2021-02-28,0,0,0,0,0,0,0
JD_12730281,2021-02-28,0,0,0,0,0,0,0
JD_12730256,2021-02-28,0,0,0,0,0,0,0
JD_12730253,2021-02-28,0,0,0,0,0,0,0
JD_12730235,2021-02-28,0,0,0,0,0,0,0
JD_12730233,2021-02-28,0,0,0,0,0,0,0
JD_12730223,2021-02-28,0,0,0,0,0,0,0
JD_12730221,2021-02-28,0,0,0,0,0,0,0
JD_12730214,2021-02-28,0,0,0,0,0,0,0
JD_12730204,2021-02-28,0,0,0,0,0,0,0
JD_12730106,2021-02-28,0,0,0,0,0,0,0
JD_12730097,2021-02-28,0,0,0,0,0,0,0
JD_12730080,2021-02-28,0,0,0,0,0,0,0
JD_12730078,2021-02-28,0,0,0,0,0,0,0
JD_12730065,2021-02-28,0,0,0,0,0,0,0
JD_12729974,2021-02-28,1,1,0,0,0,0,0
JD_12729954,2021-02-28,0,0,0,0,0,0,0
JD_12729919,2021-02-28,0,0,0,0,0,0,0
JD_12729918,2021-02-28,0,0,0,0,0,0,0
