JD_12989988,2021-02-28,0,0,0,0,0,0,0
JD_12989966,2021-02-28,0,0,0,0,0,0,0
JD_12989948,2021-02-28,0,0,0,0,0,0,0
JD_12989944,2021-02-28,0,0,0,0,0,0,0
JD_12989942,2021-02-28,0,0,0,0,0,0,0
JD_12989924,2021-02-28,0,0,0,0,0,0,0
JD_12989912,2021-02-28,0,0,0,0,0,0,0
JD_12989900,2021-02-28,0,0,0,0,0,0,0
JD_12989898,2021-02-28,0,0,0,0,0,0,0
JD_12989896,2021-02-28,0,0,0,0,0,0,0
JD_12989894,2021-02-28,0,0,0,0,0,0,0
JD_12989890,2021-02-28,0,0,0,0,0,0,0
JD_12989886,2021-02-28,0,0,0,0,0,0,0
JD_12989868,2021-02-28,0,0,0,0,0,0,0
JD_12989864,2021-02-28,0,0,0,0,0,0,0
JD_12989858,2021-02-28,0,0,0,0,0,0,0
JD_12989856,2021-02-28,0,0,0,0,0,0,0
JD_12989850,2021-02-28,0,0,0,0,0,0,0
JD_12989848,2021-02-28,0,0,0,0,0,0,0
JD_12989844,2021-02-28,0,0,0,0,0,0,0
JD_12989836,2021-02-28,0,0,0,0,0,0,0
JD_12989832,2021-02-28,0,0,0,0,0,0,0
JD_12989826,2021-02-28,0,0,0,0,0,0,0
JD_12989824,2021-02-28,0,0,0,0,0,0,0
JD_12989816,2021-02-28,0,0,0,0,0,0,0
JD_12989812,2021-02-28,0,0,0,0,0,0,0
JD_12989810,2021-02-28,0,0,0,0,0,0,0
JD_12989804,2021-02-28,0,0,0,0,0,0,0
JD_12989798,2021-02-28,0,0,0,0,0,0,0
JD_12989796,2021-02-28,0,0,0,0,0,0,0
JD_12989786,2021-02-28,0,0,0,0,0,0,0
JD_12989768,2021-02-28,0,0,0,0,0,0,0
JD_12989756,2021-02-28,0,0,0,0,0,0,0
JD_12989746,2021-02-28,0,0,0,0,0,0,0
JD_12989728,2021-02-28,0,0,0,0,0,0,0
JD_12989716,2021-02-28,0,0,0,0,0,0,0
JD_12989708,2021-02-28,0,0,0,0,0,0,0
JD_12989706,2021-02-28,0,0,0,0,0,0,0
JD_12989698,2021-02-28,0,0,0,0,0,0,0
JD_12989696,2021-02-28,0,0,0,0,0,0,0
JD_12989546,2021-02-28,0,0,0,0,0,0,0
JD_12989544,2021-02-28,0,0,0,0,0,0,0
JD_12989526,2021-02-28,0,0,0,0,0,0,0
JD_12989524,2021-02-28,0,0,0,0,0,0,0
JD_12989510,2021-02-28,0,0,0,0,0,0,0
JD_12989506,2021-02-28,0,0,0,0,0,0,0
JD_12989344,2021-02-28,0,0,0,0,0,0,0
JD_12989342,2021-02-28,0,0,0,0,0,0,0
JD_12989338,2021-02-28,0,0,0,0,0,0,0
JD_12989336,2021-02-28,0,0,0,0,0,0,0
JD_12989334,2021-02-28,0,0,0,0,0,0,0
JD_12989332,2021-02-28,0,0,0,0,0,0,0
JD_12989330,2021-02-28,0,0,0,0,0,0,0
JD_12989328,2021-02-28,0,0,0,0,0,0,0
JD_12989326,2021-02-28,0,0,0,0,0,0,0
JD_12989324,2021-02-28,0,0,0,0,0,0,0
JD_12989322,2021-02-28,0,0,0,0,0,0,0
JD_12989306,2021-02-28,0,0,0,0,0,0,0
JD_12989304,2021-02-28,0,0,0,0,0,0,0
JD_12977122,2021-02-28,0,0,0,0,0,0,0
JD_12977102,2021-02-28,0,0,0,0,0,0,0
JD_12977074,2021-02-28,0,0,0,0,0,0,0
JD_12977028,2021-02-28,0,0,0,0,0,0,0
JD_12977016,2021-02-28,0,0,0,0,0,0,0
JD_12976980,2021-02-28,0,0,0,0,0,0,0
JD_12976944,2021-02-28,0,0,0,0,0,0,0
JD_12976918,2021-02-28,0,0,0,0,0,0,0
JD_12976914,2021-02-28,0,0,0,0,0,0,0
JD_12976910,2021-02-28,0,0,0,0,0,0,0
JD_12976902,2021-02-28,0,0,0,0,0,0,0
