JD_12711059,2021-02-28,0,0,0,0,0,0,0
JD_12711049,2021-02-28,0,0,0,0,0,0,0
JD_12711046,2021-02-28,0,0,0,0,0,0,0
JD_12711045,2021-02-28,0,0,0,0,0,0,0
JD_12711029,2021-02-28,0,0,0,0,0,0,0
JD_12711027,2021-02-28,0,0,0,0,0,0,0
JD_12711025,2021-02-28,0,0,0,0,0,0,0
JD_12711019,2021-02-28,0,0,0,0,0,0,0
JD_12711017,2021-02-28,0,0,0,0,0,0,0
JD_12711015,2021-02-28,0,0,0,0,0,0,0
JD_12710989,2021-02-28,0,0,0,0,0,0,0
JD_12710953,2021-02-28,0,0,0,0,0,0,0
JD_12710947,2021-02-28,0,0,0,0,0,0,0
JD_12710945,2021-02-28,0,0,0,0,0,0,0
JD_12710943,2021-02-28,0,0,0,0,0,0,0
JD_12710927,2021-02-28,0,0,0,0,0,0,0
JD_12710925,2021-02-28,0,0,0,0,0,0,0
JD_12710923,2021-02-28,0,0,0,0,0,0,0
JD_12710908,2021-02-28,0,0,0,0,0,0,0
JD_12710904,2021-02-28,0,0,0,0,0,0,0
JD_12710850,2021-02-28,0,0,0,0,0,0,0
JD_12710793,2021-02-28,0,0,0,0,0,0,0
JD_12710782,2021-02-28,0,0,0,0,0,0,0
JD_12710777,2021-02-28,0,0,0,0,0,0,0
JD_12710749,2021-02-28,0,0,0,0,0,0,0
JD_12710731,2021-02-28,0,0,0,0,0,0,0
JD_12710729,2021-02-28,0,0,0,0,0,0,0
JD_12710727,2021-02-28,0,0,0,0,0,0,0
JD_12710725,2021-02-28,0,0,0,0,0,0,0
JD_12710713,2021-02-28,0,0,0,0,0,0,0
JD_12710704,2021-02-28,0,0,0,0,0,0,0
JD_12710702,2021-02-28,0,0,0,0,0,0,0
JD_12710701,2021-02-28,0,0,0,0,0,0,0
JD_12710695,2021-02-28,0,0,0,0,0,0,0
JD_12710685,2021-02-28,0,0,0,0,0,0,0
JD_12710684,2021-02-28,0,0,0,0,0,0,0
JD_12710680,2021-02-28,0,0,0,0,0,0,0
JD_12710679,2021-02-28,0,0,0,0,0,0,0
JD_12710675,2021-02-28,0,0,0,0,0,0,0
JD_12710671,2021-02-28,0,0,0,0,0,0,0
JD_12710669,2021-02-28,0,0,0,0,0,0,0
JD_12710666,2021-02-28,0,0,0,0,0,0,0
JD_12710654,2021-02-28,0,0,0,0,0,0,0
JD_12710645,2021-02-28,0,0,0,0,0,0,0
JD_12710643,2021-02-28,0,0,0,0,0,0,0
JD_12710629,2021-02-28,0,0,0,0,0,0,0
JD_12710619,2021-02-28,0,0,0,0,0,0,0
JD_12710614,2021-02-28,0,0,0,0,0,0,0
JD_12710563,2021-02-28,0,0,0,0,0,0,0
JD_12710558,2021-02-28,0,0,0,0,0,0,0
JD_12710495,2021-02-28,0,0,0,0,0,0,0
JD_12710493,2021-02-28,0,0,0,0,0,0,0
JD_12710491,2021-02-28,0,0,0,0,0,0,0
JD_12710489,2021-02-28,0,0,0,0,0,0,0
JD_12710477,2021-02-28,0,0,0,0,0,0,0
JD_12710475,2021-02-28,0,0,0,0,0,0,0
JD_12710473,2021-02-28,0,0,0,0,0,0,0
JD_12710457,2021-02-28,0,0,0,0,0,0,0
JD_12710443,2021-02-28,0,0,0,0,0,0,0
JD_12710433,2021-02-28,0,0,0,0,0,0,0
JD_12710359,2021-02-28,0,0,0,0,0,0,0
JD_12710353,2021-02-28,0,0,0,0,0,0,0
JD_12710349,2021-02-28,0,0,0,0,0,0,0
JD_12710337,2021-02-28,0,0,0,0,0,0,0
JD_12710333,2021-02-28,0,0,0,0,0,0,0
JD_12710328,2021-02-28,0,0,0,0,0,0,0
JD_12710321,2021-02-28,0,0,0,0,0,0,0
JD_12710310,2021-02-28,0,0,0,0,0,0,0
JD_12710308,2021-02-28,0,0,0,0,0,0,0
JD_12710304,2021-02-28,0,0,0,0,0,0,0
