JD_12721189,2021-02-28,0,0,0,0,0,0,0
JD_12721184,2021-02-28,0,0,0,0,0,0,0
JD_12721181,2021-02-28,0,0,0,0,0,0,0
JD_12721168,2021-02-28,0,0,0,0,0,0,0
JD_12721163,2021-02-28,0,0,0,0,0,0,0
JD_12721148,2021-02-28,0,0,0,0,0,0,0
JD_12721139,2021-02-28,0,0,0,0,0,0,0
JD_12721136,2021-02-28,0,0,0,0,0,0,0
JD_12721135,2021-02-28,0,0,0,0,0,0,0
JD_12721132,2021-02-28,0,0,0,0,0,0,0
JD_12721126,2021-02-28,0,0,0,0,0,0,0
JD_12721123,2021-02-28,0,0,0,0,0,0,0
JD_12721120,2021-02-28,0,0,0,0,0,0,0
JD_12721117,2021-02-28,0,0,0,0,0,0,0
JD_12721116,2021-02-28,0,0,0,0,0,0,0
JD_12721106,2021-02-28,0,0,0,0,0,0,0
JD_12721104,2021-02-28,0,0,0,0,0,0,0
JD_12721101,2021-02-28,0,0,0,0,0,0,0
JD_12721094,2021-02-28,0,0,0,0,0,0,0
JD_12721086,2021-02-28,0,0,0,0,0,0,0
JD_12721080,2021-02-28,0,0,0,0,0,0,0
JD_12721076,2021-02-28,0,0,0,0,0,0,0
JD_12721061,2021-02-28,0,0,0,0,0,0,0
JD_12721051,2021-02-28,0,0,0,0,0,0,0
JD_12721005,2021-02-28,0,0,0,0,0,0,0
JD_12721001,2021-02-28,0,0,0,0,0,0,0
JD_12720979,2021-02-28,0,0,0,0,0,0,0
JD_12720967,2021-02-28,0,0,0,0,0,0,0
JD_12720965,2021-02-28,0,0,0,0,0,0,0
JD_12720963,2021-02-28,0,0,0,0,0,0,0
JD_12720932,2021-02-28,0,0,0,0,0,0,0
JD_12720917,2021-02-28,0,0,0,0,0,0,0
JD_12720889,2021-02-28,0,0,0,0,0,0,0
JD_12720887,2021-02-28,0,0,0,0,0,0,0
JD_12720881,2021-02-28,0,0,0,0,0,0,0
JD_12720861,2021-02-28,0,0,0,0,0,0,0
JD_12720850,2021-02-28,0,0,0,0,0,0,0
JD_12720846,2021-02-28,0,0,0,0,0,0,0
JD_12720844,2021-02-28,0,0,0,0,0,0,0
JD_12720803,2021-02-28,0,0,0,0,0,0,0
JD_12720767,2021-02-28,0,0,0,0,0,0,0
JD_12720735,2021-02-28,0,0,0,0,0,0,0
JD_12720731,2021-02-28,0,0,0,0,0,0,0
JD_12720719,2021-02-28,0,0,0,0,0,0,0
JD_12720701,2021-02-28,0,0,0,0,0,0,0
JD_12720700,2021-02-28,0,0,0,0,0,0,0
JD_12720689,2021-02-28,0,0,0,0,0,0,0
JD_12720688,2021-02-28,0,0,0,0,0,0,0
JD_12720681,2021-02-28,0,0,0,0,0,0,0
JD_12720678,2021-02-28,0,0,0,0,0,0,0
JD_12720647,2021-02-28,1,1,0,0,0,0,0
JD_12720645,2021-02-28,0,0,0,0,0,0,0
JD_12720643,2021-02-28,0,0,0,0,0,0,0
JD_12720642,2021-02-28,0,0,0,0,0,0,0
JD_12720640,2021-02-28,0,0,0,0,0,0,0
JD_12720636,2021-02-28,0,0,0,0,0,0,0
JD_12720632,2021-02-28,0,0,0,0,0,0,0
JD_12720629,2021-02-28,0,0,0,0,0,0,0
JD_12720579,2021-02-28,0,0,0,0,0,0,0
JD_12720516,2021-02-28,0,0,0,0,0,0,0
JD_12720510,2021-02-28,0,0,0,0,0,0,0
JD_12720494,2021-02-28,0,0,0,0,0,0,0
JD_12720489,2021-02-28,0,0,0,0,0,0,0
JD_12720487,2021-02-28,0,0,0,0,0,0,0
JD_12720485,2021-02-28,0,0,0,0,0,0,0
JD_12720450,2021-02-28,0,0,0,0,0,0,0
JD_12720371,2021-02-28,0,0,0,0,0,0,0
JD_12720369,2021-02-28,0,0,0,0,0,0,0
JD_12720355,2021-02-28,0,0,0,0,0,0,0
JD_12720281,2021-02-28,0,0,0,0,0,0,0
