JD_12748927,2021-02-28,0,0,0,0,0,0,0
JD_12748923,2021-02-28,0,0,0,0,0,0,0
JD_12748919,2021-02-28,0,0,0,0,0,0,0
JD_12748911,2021-02-28,0,0,0,0,0,0,0
JD_12748909,2021-02-28,0,0,0,0,0,0,0
JD_12748900,2021-02-28,0,0,0,0,0,0,0
JD_12748899,2021-02-28,0,0,0,0,0,0,0
JD_12748893,2021-02-28,0,0,0,0,0,0,0
JD_12748887,2021-02-28,0,0,0,0,0,0,0
JD_12748877,2021-02-28,0,0,0,0,0,0,0
JD_12748853,2021-02-28,0,0,0,0,0,0,0
JD_12748851,2021-02-28,0,0,0,0,0,0,0
JD_12748847,2021-02-28,0,0,0,0,0,0,0
JD_12748845,2021-02-28,0,0,0,0,0,0,0
JD_12748843,2021-02-28,0,0,0,0,0,0,0
JD_12748833,2021-02-28,0,0,0,0,0,0,0
JD_12748829,2021-02-28,0,0,0,0,0,0,0
JD_12748827,2021-02-28,0,0,0,0,0,0,0
JD_12748801,2021-02-28,0,0,0,0,0,0,0
JD_12748789,2021-02-28,0,0,0,0,0,0,0
JD_12748786,2021-02-28,0,0,0,0,0,0,0
JD_12748784,2021-02-28,0,0,0,0,0,0,0
JD_12748782,2021-02-28,0,0,0,0,0,0,0
JD_12748778,2021-02-28,0,0,0,0,0,0,0
JD_12748776,2021-02-28,0,0,0,0,0,0,0
JD_12748775,2021-02-28,0,0,0,0,0,0,0
JD_12748774,2021-02-28,0,0,0,0,0,0,0
JD_12748772,2021-02-28,0,0,0,0,0,0,0
JD_12748766,2021-02-28,0,0,0,0,0,0,0
JD_12748763,2021-02-28,0,0,0,0,0,0,0
JD_12748760,2021-02-28,0,0,0,0,0,0,0
JD_12748754,2021-02-28,0,0,0,0,0,0,0
JD_12748753,2021-02-28,0,0,0,0,0,0,0
JD_12748752,2021-02-28,0,0,0,0,0,0,0
JD_12748747,2021-02-28,0,0,0,0,0,0,0
JD_12748745,2021-02-28,0,0,0,0,0,0,0
JD_12748743,2021-02-28,0,0,0,0,0,0,0
JD_12748741,2021-02-28,0,0,0,0,0,0,0
JD_12748737,2021-02-28,0,0,0,0,0,0,0
JD_12748733,2021-02-28,0,0,0,0,0,0,0
JD_12748725,2021-02-28,0,0,0,0,0,0,0
JD_12748723,2021-02-28,0,0,0,0,0,0,0
JD_12748717,2021-02-28,0,0,0,0,0,0,0
JD_12748711,2021-02-28,0,0,0,0,0,0,0
JD_12748709,2021-02-28,0,0,0,0,0,0,0
JD_12748707,2021-02-28,0,0,0,0,0,0,0
JD_12748705,2021-02-28,0,0,0,0,0,0,0
JD_12748699,2021-02-28,0,0,0,0,0,0,0
JD_12748697,2021-02-28,0,0,0,0,0,0,0
JD_12748695,2021-02-28,0,0,0,0,0,0,0
JD_12748693,2021-02-28,0,0,0,0,0,0,0
JD_12748691,2021-02-28,0,0,0,0,0,0,0
JD_12748689,2021-02-28,0,0,0,0,0,0,0
JD_12748685,2021-02-28,0,0,0,0,0,0,0
JD_12748683,2021-02-28,0,0,0,0,0,0,0
JD_12748679,2021-02-28,0,0,0,0,0,0,0
JD_12748673,2021-02-28,1,1,0,0,0,0,0
JD_12748671,2021-02-28,0,0,0,0,0,0,0
JD_12748661,2021-02-28,0,0,0,0,0,0,0
JD_12748653,2021-02-28,0,0,0,0,0,0,0
JD_12748642,2021-02-28,0,0,0,0,0,0,0
JD_12748635,2021-02-28,0,0,0,0,0,0,0
JD_12748621,2021-02-28,0,0,0,0,0,0,0
JD_12748611,2021-02-28,0,0,0,0,0,0,0
JD_12748610,2021-02-28,0,0,0,0,0,0,0
JD_12748602,2021-02-28,0,0,0,0,0,0,0
JD_12748584,2021-02-28,0,0,0,0,0,0,0
JD_12748582,2021-02-28,0,0,0,0,0,0,0
JD_12748580,2021-02-28,0,0,0,0,0,0,0
JD_12748578,2021-02-28,0,0,0,0,0,0,0
