JD_12676304,2021-02-28,0,0,0,0,0,0,0
JD_12676297,2021-02-28,0,0,0,0,0,0,0
JD_12676294,2021-02-28,0,0,0,0,0,0,0
JD_12676268,2021-02-28,0,0,0,0,0,0,0
JD_12676267,2021-02-28,0,0,0,0,0,0,0
JD_12676266,2021-02-28,0,0,0,0,0,0,0
JD_12676252,2021-02-28,0,0,0,0,0,0,0
JD_12676249,2021-02-28,0,0,0,0,0,0,0
JD_12676244,2021-02-28,0,0,0,0,0,0,0
JD_12676240,2021-02-28,0,0,0,0,0,0,0
JD_12676228,2021-02-28,0,0,0,0,0,0,0
JD_12676227,2021-02-28,0,0,0,0,0,0,0
JD_12676225,2021-02-28,0,0,0,0,0,0,0
JD_12676213,2021-02-28,0,0,0,0,0,0,0
JD_12676207,2021-02-28,0,0,0,0,0,0,0
JD_12676199,2021-02-28,0,0,0,0,0,0,0
JD_12676192,2021-02-28,0,0,0,0,0,0,0
JD_12676190,2021-02-28,0,0,0,0,0,0,0
JD_12676186,2021-02-28,0,0,0,0,0,0,0
JD_12676179,2021-02-28,0,0,0,0,0,0,0
JD_12676178,2021-02-28,0,0,0,0,0,0,0
JD_12676172,2021-02-28,0,0,0,0,0,0,0
JD_12676151,2021-02-28,0,0,0,0,0,0,0
JD_12676149,2021-02-28,0,0,0,0,0,0,0
JD_12676129,2021-02-28,0,0,0,0,0,0,0
JD_12676049,2021-02-28,0,0,0,0,0,0,0
JD_12676033,2021-02-28,0,0,0,0,0,0,0
JD_12676030,2021-02-28,0,0,0,0,0,0,0
JD_12676027,2021-02-28,0,0,0,0,0,0,0
JD_12676025,2021-02-28,0,0,0,0,0,0,0
JD_12676010,2021-02-28,0,0,0,0,0,0,0
JD_12675996,2021-02-28,0,0,0,0,0,0,0
JD_12675984,2021-02-28,0,0,0,0,0,0,0
JD_12675976,2021-02-28,0,0,0,0,0,0,0
JD_12675971,2021-02-28,0,0,0,0,0,0,0
JD_12675966,2021-02-28,0,0,0,0,0,0,0
JD_12675939,2021-02-28,0,0,0,0,0,0,0
JD_12675935,2021-02-28,0,0,0,0,0,0,0
JD_12675931,2021-02-28,0,0,0,0,0,0,0
JD_12675929,2021-02-28,0,0,0,0,0,0,0
JD_12675923,2021-02-28,0,0,0,0,0,0,0
JD_12675921,2021-02-28,0,0,0,0,0,0,0
JD_12675913,2021-02-28,0,0,0,0,0,0,0
JD_12675912,2021-02-28,0,0,0,0,0,0,0
JD_12675901,2021-02-28,0,0,0,0,0,0,0
JD_12675899,2021-02-28,0,0,0,0,0,0,0
JD_12675891,2021-02-28,0,0,0,0,0,0,0
JD_12675873,2021-02-28,0,0,0,0,0,0,0
JD_12675862,2021-02-28,0,0,0,0,0,0,0
JD_12675853,2021-02-28,0,0,0,0,0,0,0
JD_12675851,2021-02-28,0,0,0,0,0,0,0
JD_12675839,2021-02-28,0,0,0,0,0,0,0
JD_12675837,2021-02-28,0,0,0,0,0,0,0
JD_12675835,2021-02-28,0,0,0,0,0,0,0
JD_12675825,2021-02-28,0,0,0,0,0,0,0
JD_12675821,2021-02-28,0,0,0,0,0,0,0
JD_12675817,2021-02-28,0,0,0,0,0,0,0
JD_12675806,2021-02-28,0,0,0,0,0,0,0
JD_12675801,2021-02-28,0,0,0,0,0,0,0
JD_12675785,2021-02-28,0,0,0,0,0,0,0
JD_12675777,2021-02-28,0,0,0,0,0,0,0
JD_12675765,2021-02-28,0,0,0,0,0,0,0
JD_12675760,2021-02-28,0,0,0,0,0,0,0
JD_12675759,2021-02-28,0,0,0,0,0,0,0
JD_12675755,2021-02-28,0,0,0,0,0,0,0
JD_12675749,2021-02-28,0,0,0,0,0,0,0
JD_12675737,2021-02-28,0,0,0,0,0,0,0
JD_12675735,2021-02-28,0,0,0,0,0,0,0
JD_12675727,2021-02-28,0,0,0,0,0,0,0
JD_12675725,2021-02-28,0,0,0,0,0,0,0
