JD_12623397,2021-02-28,0,0,0,0,0,0,0
JD_12623371,2021-02-28,0,0,0,0,0,0,0
JD_12623335,2021-02-28,0,0,0,0,0,0,0
JD_12623321,2021-02-28,0,0,0,0,0,0,0
JD_12623317,2021-02-28,0,0,0,0,0,0,0
JD_12623279,2021-02-28,0,0,0,0,0,0,0
JD_12623228,2021-02-28,0,0,0,0,0,0,0
JD_12623195,2021-02-28,0,0,0,0,0,0,0
JD_12623189,2021-02-28,0,0,0,0,0,0,0
JD_12623171,2021-02-28,0,0,0,0,0,0,0
JD_12623139,2021-02-28,0,0,0,0,0,0,0
JD_12623133,2021-02-28,0,0,0,0,0,0,0
JD_12623122,2021-02-28,0,0,0,0,0,0,0
JD_12623113,2021-02-28,0,0,0,0,0,0,0
JD_12623111,2021-02-28,0,0,0,0,0,0,0
JD_12623102,2021-02-28,0,0,0,0,0,0,0
JD_12623087,2021-02-28,0,0,0,0,0,0,0
JD_12623073,2021-02-28,0,0,0,0,0,0,0
JD_12623067,2021-02-28,0,0,0,0,0,0,0
JD_12623049,2021-02-28,0,0,0,0,0,0,0
JD_12623047,2021-02-28,0,0,0,0,0,0,0
JD_12623030,2021-02-28,0,0,0,0,0,0,0
JD_12622948,2021-02-28,0,0,0,0,0,0,0
JD_12622869,2021-02-28,0,0,0,0,0,0,0
JD_12622863,2021-02-28,0,0,0,0,0,0,0
JD_12622859,2021-02-28,0,0,0,0,0,0,0
JD_12622841,2021-02-28,0,0,0,0,0,0,0
JD_12622835,2021-02-28,0,0,0,0,0,0,0
JD_12622827,2021-02-28,0,0,0,0,0,0,0
JD_12622814,2021-02-28,0,0,0,0,0,0,0
JD_12622813,2021-02-28,0,0,0,0,0,0,0
JD_12622806,2021-02-28,0,0,0,0,0,0,0
JD_12622796,2021-02-28,0,0,0,0,0,0,0
JD_12622791,2021-02-28,0,0,0,0,0,0,0
JD_12622737,2021-02-28,0,0,0,0,0,0,0
JD_12622723,2021-02-28,0,0,0,0,0,0,0
JD_12622675,2021-02-28,0,0,0,0,0,0,0
JD_12622647,2021-02-28,0,0,0,0,0,0,0
JD_12622628,2021-02-28,0,0,0,0,0,0,0
JD_12622626,2021-02-28,0,0,0,0,0,0,0
JD_12622624,2021-02-28,0,0,0,0,0,0,0
JD_12622615,2021-02-28,0,0,0,0,0,0,0
JD_12622613,2021-02-28,0,0,0,0,0,0,0
JD_12622611,2021-02-28,0,0,0,0,0,0,0
JD_12622607,2021-02-28,0,0,0,0,0,0,0
JD_12622601,2021-02-28,0,0,0,0,0,0,0
JD_12622599,2021-02-28,0,0,0,0,0,0,0
JD_12622583,2021-02-28,0,0,0,0,0,0,0
JD_12622568,2021-02-28,0,0,0,0,0,0,0
JD_12622565,2021-02-28,0,0,0,0,0,0,0
JD_12622513,2021-02-28,0,0,0,0,0,0,0
JD_12622490,2021-02-28,0,0,0,0,0,0,0
JD_12622465,2021-02-28,0,0,0,0,0,0,0
JD_12622423,2021-02-28,0,0,0,0,0,0,0
JD_12622367,2021-02-28,0,0,0,0,0,0,0
JD_12622365,2021-02-28,0,0,0,0,0,0,0
JD_12622357,2021-02-28,0,0,0,0,0,0,0
JD_12622310,2021-02-28,1,1,0,0,0,0,0
JD_12622298,2021-02-28,0,0,0,0,0,0,0
JD_12622296,2021-02-28,0,0,0,0,0,0,0
JD_12622264,2021-02-28,0,0,0,0,0,0,0
JD_12622257,2021-02-28,0,0,0,0,0,0,0
JD_12622251,2021-02-28,0,0,0,0,0,0,0
JD_12622238,2021-02-28,0,0,0,0,0,0,0
JD_12622221,2021-02-28,0,0,0,0,0,0,0
JD_12622199,2021-02-28,0,0,0,0,0,0,0
JD_12622195,2021-02-28,0,0,0,0,0,0,0
JD_12622140,2021-02-28,0,0,0,0,0,0,0
JD_12622116,2021-02-28,0,0,0,0,0,0,0
JD_12622097,2021-02-28,0,0,0,0,0,0,0
