JD_12716041,2021-02-28,0,0,0,0,0,0,0
JD_12716039,2021-02-28,0,0,0,0,0,0,0
JD_12716031,2021-02-28,0,0,0,0,0,0,0
JD_12716023,2021-02-28,0,0,0,0,0,0,0
JD_12716015,2021-02-28,0,0,0,0,0,0,0
JD_12716009,2021-02-28,0,0,0,0,0,0,0
JD_12715984,2021-02-28,0,0,0,0,0,0,0
JD_12715966,2021-02-28,0,0,0,0,0,0,0
JD_12715933,2021-02-28,0,0,0,0,0,0,0
JD_12715923,2021-02-28,0,0,0,0,0,0,0
JD_12715907,2021-02-28,2,2,0,0,0,0,0
JD_12715905,2021-02-28,0,0,0,0,0,0,0
JD_12715904,2021-02-28,0,0,0,0,0,0,0
JD_12715632,2021-02-28,0,0,0,0,0,0,0
JD_12715625,2021-02-28,0,0,0,0,0,0,0
JD_12715613,2021-02-28,0,0,0,0,0,0,0
JD_12715611,2021-02-28,0,0,0,0,0,0,0
JD_12715604,2021-02-28,0,0,0,0,0,0,0
JD_12715600,2021-02-28,0,0,0,0,0,0,0
JD_12715564,2021-02-28,0,0,0,0,0,0,0
JD_12715522,2021-02-28,0,0,0,0,0,0,0
JD_12715500,2021-02-28,0,0,0,0,0,0,0
JD_12715498,2021-02-28,0,0,0,0,0,0,0
JD_12715496,2021-02-28,0,0,0,0,0,0,0
JD_12715477,2021-02-28,1,0,1,0,0,0,0
JD_12715373,2021-02-28,0,0,0,0,0,0,0
JD_12715329,2021-02-28,0,0,0,0,0,0,0
JD_12715327,2021-02-28,0,0,0,0,0,0,0
JD_12715243,2021-02-28,0,0,0,0,0,0,0
JD_12715233,2021-02-28,0,0,0,0,0,0,0
JD_12715219,2021-02-28,0,0,0,0,0,0,0
JD_12715217,2021-02-28,0,0,0,0,0,0,0
JD_12715157,2021-02-28,0,0,0,0,0,0,0
JD_12715147,2021-02-28,0,0,0,0,0,0,0
JD_12715125,2021-02-28,0,0,0,0,0,0,0
JD_12715115,2021-02-28,0,0,0,0,0,0,0
JD_12715089,2021-02-28,0,0,0,0,0,0,0
JD_12715082,2021-02-28,0,0,0,0,0,0,0
JD_12715074,2021-02-28,0,0,0,0,0,0,0
JD_12715060,2021-02-28,0,0,0,0,0,0,0
JD_12715057,2021-02-28,0,0,0,0,0,0,0
JD_12715055,2021-02-28,0,0,0,0,0,0,0
JD_12715036,2021-02-28,0,0,0,0,0,0,0
JD_12715019,2021-02-28,0,0,0,0,0,0,0
JD_12715017,2021-02-28,0,0,0,0,0,0,0
JD_12715015,2021-02-28,0,0,0,0,0,0,0
JD_12715013,2021-02-28,0,0,0,0,0,0,0
JD_12714974,2021-02-28,0,0,0,0,0,0,0
JD_12714959,2021-02-28,0,0,0,0,0,0,0
JD_12714917,2021-02-28,0,0,0,0,0,0,0
JD_12714890,2021-02-28,0,0,0,0,0,0,0
JD_12714887,2021-02-28,0,0,0,0,0,0,0
JD_12714872,2021-02-28,0,0,0,0,0,0,0
JD_12714864,2021-02-28,0,0,0,0,0,0,0
JD_12714862,2021-02-28,0,0,0,0,0,0,0
JD_12714859,2021-02-28,0,0,0,0,0,0,0
JD_12714823,2021-02-28,0,0,0,0,0,0,0
JD_12714808,2021-02-28,0,0,0,0,0,0,0
JD_12714807,2021-02-28,0,0,0,0,0,0,0
JD_12714805,2021-02-28,0,0,0,0,0,0,0
JD_12714779,2021-02-28,0,0,0,0,0,0,0
JD_12714777,2021-02-28,0,0,0,0,0,0,0
JD_12714769,2021-02-28,0,0,0,0,0,0,0
JD_12714721,2021-02-28,0,0,0,0,0,0,0
JD_12714707,2021-02-28,0,0,0,0,0,0,0
JD_12714705,2021-02-28,0,0,0,0,0,0,0
JD_12714703,2021-02-28,0,0,0,0,0,0,0
JD_12714701,2021-02-28,0,0,0,0,0,0,0
JD_12714693,2021-02-28,0,0,0,0,0,0,0
JD_12714683,2021-02-28,0,0,0,0,0,0,0
