JD_12707127,2021-02-28,0,0,0,0,0,0,0
JD_12707119,2021-02-28,0,0,0,0,0,0,0
JD_12707085,2021-02-28,0,0,0,0,0,0,0
JD_12707081,2021-02-28,0,0,0,0,0,0,0
JD_12707025,2021-02-28,0,0,0,0,0,0,0
JD_12707019,2021-02-28,0,0,0,0,0,0,0
JD_12707017,2021-02-28,0,0,0,0,0,0,0
JD_12706964,2021-02-28,0,0,0,0,0,0,0
JD_12706959,2021-02-28,0,0,0,0,0,0,0
JD_12706947,2021-02-28,0,0,0,0,0,0,0
JD_12706935,2021-02-28,0,0,0,0,0,0,0
JD_12706932,2021-02-28,0,0,0,0,0,0,0
JD_12706923,2021-02-28,0,0,0,0,0,0,0
JD_12706907,2021-02-28,0,0,0,0,0,0,0
JD_12706902,2021-02-28,0,0,0,0,0,0,0
JD_12706899,2021-02-28,0,0,0,0,0,0,0
JD_12706891,2021-02-28,0,0,0,0,0,0,0
JD_12706884,2021-02-28,0,0,0,0,0,0,0
JD_12706850,2021-02-28,0,0,0,0,0,0,0
JD_12706771,2021-02-28,0,0,0,0,0,0,0
JD_12706710,2021-02-28,0,0,0,0,0,0,0
JD_12706625,2021-02-28,0,0,0,0,0,0,0
JD_12706541,2021-02-28,0,0,0,0,0,0,0
JD_12706517,2021-02-28,0,0,0,0,0,0,0
JD_12706515,2021-02-28,0,0,0,0,0,0,0
JD_12706471,2021-02-28,0,0,0,0,0,0,0
JD_12706468,2021-02-28,0,0,0,0,0,0,0
JD_12706459,2021-02-28,0,0,0,0,0,0,0
JD_12706455,2021-02-28,0,0,0,0,0,0,0
JD_12706450,2021-02-28,0,0,0,0,0,0,0
JD_12706426,2021-02-28,0,0,0,0,0,0,0
JD_12706408,2021-02-28,0,0,0,0,0,0,0
JD_12706381,2021-02-28,0,0,0,0,0,0,0
JD_12706373,2021-02-28,0,0,0,0,0,0,0
JD_12706362,2021-02-28,0,0,0,0,0,0,0
JD_12706358,2021-02-28,0,0,0,0,0,0,0
JD_12706321,2021-02-28,0,0,0,0,0,0,0
JD_12706292,2021-02-28,0,0,0,0,0,0,0
JD_12706291,2021-02-28,0,0,0,0,0,0,0
JD_12706279,2021-02-28,0,0,0,0,0,0,0
JD_12706277,2021-02-28,0,0,0,0,0,0,0
JD_12706257,2021-02-28,0,0,0,0,0,0,0
JD_12706245,2021-02-28,0,0,0,0,0,0,0
JD_12706224,2021-02-28,0,0,0,0,0,0,0
JD_12706150,2021-02-28,0,0,0,0,0,0,0
JD_12706149,2021-02-28,0,0,0,0,0,0,0
JD_12706141,2021-02-28,0,0,0,0,0,0,0
JD_12706139,2021-02-28,0,0,0,0,0,0,0
JD_12706129,2021-02-28,0,0,0,0,0,0,0
JD_12706127,2021-02-28,0,0,0,0,0,0,0
JD_12706126,2021-02-28,0,0,0,0,0,0,0
JD_12706125,2021-02-28,0,0,0,0,0,0,0
JD_12706117,2021-02-28,0,0,0,0,0,0,0
JD_12706115,2021-02-28,0,0,0,0,0,0,0
JD_12706109,2021-02-28,0,0,0,0,0,0,0
JD_12706107,2021-02-28,0,0,0,0,0,0,0
JD_12706095,2021-02-28,0,0,0,0,0,0,0
JD_12706093,2021-02-28,0,0,0,0,0,0,0
JD_12706084,2021-02-28,0,0,0,0,0,0,0
JD_12706082,2021-02-28,0,0,0,0,0,0,0
JD_12706081,2021-02-28,0,0,0,0,0,0,0
JD_12706073,2021-02-28,0,0,0,0,0,0,0
JD_12706071,2021-02-28,0,0,0,0,0,0,0
JD_12706069,2021-02-28,0,0,0,0,0,0,0
JD_12706065,2021-02-28,0,0,0,0,0,0,0
JD_12706063,2021-02-28,0,0,0,0,0,0,0
JD_12706061,2021-02-28,0,0,0,0,0,0,0
JD_12706060,2021-02-28,0,0,0,0,0,0,0
JD_12706059,2021-02-28,0,0,0,0,0,0,0
JD_12706058,2021-02-28,0,0,0,0,0,0,0
