JD_12761271,2021-02-28,0,0,0,0,0,0,0
JD_12761255,2021-02-28,0,0,0,0,0,0,0
JD_12761253,2021-02-28,0,0,0,0,0,0,0
JD_12761241,2021-02-28,0,0,0,0,0,0,0
JD_12761231,2021-02-28,0,0,0,0,0,0,0
JD_12761208,2021-02-28,0,0,0,0,0,0,0
JD_12761194,2021-02-28,0,0,0,0,0,0,0
JD_12761191,2021-02-28,0,0,0,0,0,0,0
JD_12761189,2021-02-28,0,0,0,0,0,0,0
JD_12761185,2021-02-28,0,0,0,0,0,0,0
JD_12761179,2021-02-28,0,0,0,0,0,0,0
JD_12761177,2021-02-28,0,0,0,0,0,0,0
JD_12761155,2021-02-28,0,0,0,0,0,0,0
JD_12761153,2021-02-28,0,0,0,0,0,0,0
JD_12761152,2021-02-28,0,0,0,0,0,0,0
JD_12761138,2021-02-28,0,0,0,0,0,0,0
JD_12761137,2021-02-28,0,0,0,0,0,0,0
JD_12761133,2021-02-28,0,0,0,0,0,0,0
JD_12761125,2021-02-28,0,0,0,0,0,0,0
JD_12761124,2021-02-28,0,0,0,0,0,0,0
JD_12761118,2021-02-28,0,0,0,0,0,0,0
JD_12761117,2021-02-28,0,0,0,0,0,0,0
JD_12761112,2021-02-28,0,0,0,0,0,0,0
JD_12761110,2021-02-28,0,0,0,0,0,0,0
JD_12761096,2021-02-28,0,0,0,0,0,0,0
JD_12761094,2021-02-28,0,0,0,0,0,0,0
JD_12761093,2021-02-28,0,0,0,0,0,0,0
JD_12761092,2021-02-28,0,0,0,0,0,0,0
JD_12761091,2021-02-28,0,0,0,0,0,0,0
JD_12761065,2021-02-28,0,0,0,0,0,0,0
JD_12761064,2021-02-28,0,0,0,0,0,0,0
JD_12761053,2021-02-28,0,0,0,0,0,0,0
JD_12761049,2021-02-28,0,0,0,0,0,0,0
JD_12761039,2021-02-28,0,0,0,0,0,0,0
JD_12761033,2021-02-28,0,0,0,0,0,0,0
JD_12761030,2021-02-28,0,0,0,0,0,0,0
JD_12760995,2021-02-28,0,0,0,0,0,0,0
JD_12760993,2021-02-28,0,0,0,0,0,0,0
JD_12760985,2021-02-28,0,0,0,0,0,0,0
JD_12760969,2021-02-28,0,0,0,0,0,0,0
JD_12760968,2021-02-28,1,1,0,0,0,0,0
JD_12760959,2021-02-28,0,0,0,0,0,0,0
JD_12760955,2021-02-28,0,0,0,0,0,0,0
JD_12760948,2021-02-28,0,0,0,0,0,0,0
JD_12760947,2021-02-28,0,0,0,0,0,0,0
JD_12760943,2021-02-28,0,0,0,0,0,0,0
JD_12760941,2021-02-28,0,0,0,0,0,0,0
JD_12760939,2021-02-28,0,0,0,0,0,0,0
JD_12760923,2021-02-28,0,0,0,0,0,0,0
JD_12760917,2021-02-28,0,0,0,0,0,0,0
JD_12760915,2021-02-28,0,0,0,0,0,0,0
JD_12760913,2021-02-28,1,1,0,0,0,0,0
JD_12760911,2021-02-28,0,0,0,0,0,0,0
JD_12760902,2021-02-28,0,0,0,0,0,0,0
JD_12760900,2021-02-28,0,0,0,0,0,0,0
JD_12760891,2021-02-28,0,0,0,0,0,0,0
JD_12760888,2021-02-28,0,0,0,0,0,0,0
JD_12760882,2021-02-28,0,0,0,0,0,0,0
JD_12760879,2021-02-28,0,0,0,0,0,0,0
JD_12760877,2021-02-28,0,0,0,0,0,0,0
JD_12760872,2021-02-28,0,0,0,0,0,0,0
JD_12760853,2021-02-28,0,0,0,0,0,0,0
JD_12760849,2021-02-28,0,0,0,0,0,0,0
JD_12760848,2021-02-28,0,0,0,0,0,0,0
JD_12760845,2021-02-28,0,0,0,0,0,0,0
JD_12760831,2021-02-28,0,0,0,0,0,0,0
JD_12760828,2021-02-28,0,0,0,0,0,0,0
JD_12760808,2021-02-28,0,0,0,0,0,0,0
JD_12760807,2021-02-28,0,0,0,0,0,0,0
JD_12760805,2021-02-28,0,0,0,0,0,0,0
