JD_12976786,2021-02-28,0,0,0,0,0,0,0
JD_12976782,2021-02-28,0,0,0,0,0,0,0
JD_12976772,2021-02-28,0,0,0,0,0,0,0
JD_12976766,2021-02-28,0,0,0,0,0,0,0
JD_12976764,2021-02-28,0,0,0,0,0,0,0
JD_12976740,2021-02-28,0,0,0,0,0,0,0
JD_12976738,2021-02-28,1,1,0,0,0,0,0
JD_12976718,2021-02-28,0,0,0,0,0,0,0
JD_12976714,2021-02-28,0,0,0,0,0,0,0
JD_12976676,2021-02-28,0,0,0,0,0,0,0
JD_12976644,2021-02-28,0,0,0,0,0,0,0
JD_12976620,2021-02-28,0,0,0,0,0,0,0
JD_12976604,2021-02-28,0,0,0,0,0,0,0
JD_12976584,2021-02-28,0,0,0,0,0,0,0
JD_12976572,2021-02-28,0,0,0,0,0,0,0
JD_12976496,2021-02-28,0,0,0,0,0,0,0
JD_12976464,2021-02-28,1,1,0,0,0,0,0
JD_12976456,2021-02-28,0,0,0,0,0,0,0
JD_12976430,2021-02-28,0,0,0,0,0,0,0
JD_12976426,2021-02-28,0,0,0,0,0,0,0
JD_12976382,2021-02-28,0,0,0,0,0,0,0
JD_12976378,2021-02-28,0,0,0,0,0,0,0
JD_12976286,2021-02-28,0,0,0,0,0,0,0
JD_12976282,2021-02-28,0,0,0,0,0,0,0
JD_12976266,2021-02-28,0,0,0,0,0,0,0
JD_12976256,2021-02-28,0,0,0,0,0,0,0
JD_12976254,2021-02-28,0,0,0,0,0,0,0
JD_12976232,2021-02-28,0,0,0,0,0,0,0
JD_12976220,2021-02-28,0,0,0,0,0,0,0
JD_12976214,2021-02-28,0,0,0,0,0,0,0
JD_12976206,2021-02-28,0,0,0,0,0,0,0
JD_12976200,2021-02-28,0,0,0,0,0,0,0
JD_12976194,2021-02-28,0,0,0,0,0,0,0
JD_12976168,2021-02-28,0,0,0,0,0,0,0
JD_12976156,2021-02-28,0,0,0,0,0,0,0
JD_12976150,2021-02-28,0,0,0,0,0,0,0
JD_12976146,2021-02-28,0,0,0,0,0,0,0
JD_12976144,2021-02-28,0,0,0,0,0,0,0
JD_12976142,2021-02-28,0,0,0,0,0,0,0
JD_12976140,2021-02-28,0,0,0,0,0,0,0
JD_12976124,2021-02-28,0,0,0,0,0,0,0
JD_12976114,2021-02-28,0,0,0,0,0,0,0
JD_12976108,2021-02-28,0,0,0,0,0,0,0
JD_12976088,2021-02-28,0,0,0,0,0,0,0
JD_12976086,2021-02-28,0,0,0,0,0,0,0
JD_12976084,2021-02-28,0,0,0,0,0,0,0
JD_12976074,2021-02-28,0,0,0,0,0,0,0
JD_12976068,2021-02-28,0,0,0,0,0,0,0
JD_12976066,2021-02-28,0,0,0,0,0,0,0
JD_12976064,2021-02-28,0,0,0,0,0,0,0
JD_12976062,2021-02-28,0,0,0,0,0,0,0
JD_12973424,2021-02-28,0,0,0,0,0,0,0
JD_12973422,2021-02-28,0,0,0,0,0,0,0
JD_12973418,2021-02-28,0,0,0,0,0,0,0
JD_12973414,2021-02-28,0,0,0,0,0,0,0
JD_12973410,2021-02-28,0,0,0,0,0,0,0
JD_12973408,2021-02-28,0,0,0,0,0,0,0
JD_12973406,2021-02-28,0,0,0,0,0,0,0
JD_12973404,2021-02-28,0,0,0,0,0,0,0
JD_12973402,2021-02-28,0,0,0,0,0,0,0
JD_12973400,2021-02-28,0,0,0,0,0,0,0
JD_12973398,2021-02-28,0,0,0,0,0,0,0
