JD_13007222,2021-02-28,0,0,0,0,0,0,0
JD_13007212,2021-02-28,0,0,0,0,0,0,0
JD_13007210,2021-02-28,0,0,0,0,0,0,0
JD_13007152,2021-02-28,0,0,0,0,0,0,0
JD_13007136,2021-02-28,0,0,0,0,0,0,0
JD_13007130,2021-02-28,0,0,0,0,0,0,0
JD_13007088,2021-02-28,0,0,0,0,0,0,0
JD_13007076,2021-02-28,0,0,0,0,0,0,0
JD_13007072,2021-02-28,0,0,0,0,0,0,0
JD_13007056,2021-02-28,0,0,0,0,0,0,0
JD_13007054,2021-02-28,0,0,0,0,0,0,0
JD_13007052,2021-02-28,0,0,0,0,0,0,0
JD_13007034,2021-02-28,0,0,0,0,0,0,0
JD_13007032,2021-02-28,0,0,0,0,0,0,0
JD_13007012,2021-02-28,0,0,0,0,0,0,0
JD_13007000,2021-02-28,0,0,0,0,0,0,0
JD_13006998,2021-02-28,0,0,0,0,0,0,0
JD_13006956,2021-02-28,0,0,0,0,0,0,0
JD_13006954,2021-02-28,0,0,0,0,0,0,0
JD_13006948,2021-02-28,0,0,0,0,0,0,0
JD_13006928,2021-02-28,0,0,0,0,0,0,0
JD_13006892,2021-02-28,0,0,0,0,0,0,0
JD_13006884,2021-02-28,0,0,0,0,0,0,0
JD_13006866,2021-02-28,0,0,0,0,0,0,0
JD_13006858,2021-02-28,0,0,0,0,0,0,0
JD_13006852,2021-02-28,0,0,0,0,0,0,0
JD_13006836,2021-02-28,0,0,0,0,0,0,0
JD_13006834,2021-02-28,0,0,0,0,0,0,0
JD_13006824,2021-02-28,0,0,0,0,0,0,0
JD_13006820,2021-02-28,0,0,0,0,0,0,0
JD_13006746,2021-02-28,0,0,0,0,0,0,0
JD_13006744,2021-02-28,0,0,0,0,0,0,0
JD_13006742,2021-02-28,0,0,0,0,0,0,0
JD_13006696,2021-02-28,0,0,0,0,0,0,0
JD_13006694,2021-02-28,0,0,0,0,0,0,0
JD_13006668,2021-02-28,0,0,0,0,0,0,0
JD_13006666,2021-02-28,0,0,0,0,0,0,0
JD_13006662,2021-02-28,0,0,0,0,0,0,0
JD_13006646,2021-02-28,0,0,0,0,0,0,0
JD_13003544,2021-02-28,0,0,0,0,0,0,0
JD_13003532,2021-02-28,0,0,0,0,0,0,0
JD_13003518,2021-02-28,0,0,0,0,0,0,0
JD_13003486,2021-02-28,0,0,0,0,0,0,0
JD_13003480,2021-02-28,0,0,0,0,0,0,0
JD_13003472,2021-02-28,0,0,0,0,0,0,0
JD_13003470,2021-02-28,0,0,0,0,0,0,0
JD_13003456,2021-02-28,0,0,0,0,0,0,0
JD_13003452,2021-02-28,0,0,0,0,0,0,0
JD_13003448,2021-02-28,0,0,0,0,0,0,0
JD_13003426,2021-02-28,0,0,0,0,0,0,0
JD_13003418,2021-02-28,0,0,0,0,0,0,0
JD_13003408,2021-02-28,0,0,0,0,0,0,0
JD_13003390,2021-02-28,0,0,0,0,0,0,0
JD_13003386,2021-02-28,0,0,0,0,0,0,0
JD_13003382,2021-02-28,0,0,0,0,0,0,0
JD_13003378,2021-02-28,0,0,0,0,0,0,0
JD_13003364,2021-02-28,0,0,0,0,0,0,0
JD_13003360,2021-02-28,0,0,0,0,0,0,0
JD_13003350,2021-02-28,0,0,0,0,0,0,0
JD_12995078,2021-02-28,0,0,0,0,0,0,0
JD_12995076,2021-02-28,0,0,0,0,0,0,0
JD_12995072,2021-02-28,0,0,0,0,0,0,0
JD_12995068,2021-02-28,0,0,0,0,0,0,0
JD_12995054,2021-02-28,0,0,0,0,0,0,0
JD_12995034,2021-02-28,0,0,0,0,0,0,0
JD_12995022,2021-02-28,0,0,0,0,0,0,0
JD_12995020,2021-02-28,0,0,0,0,0,0,0
JD_12995018,2021-02-28,0,0,0,0,0,0,0
JD_12995014,2021-02-28,0,0,0,0,0,0,0
JD_12995012,2021-02-28,1,1,0,0,0,0,0
