JD_12943560,2021-02-28,0,0,0,0,0,0,0
JD_12943558,2021-02-28,0,0,0,0,0,0,0
JD_12943556,2021-02-28,0,0,0,0,0,0,0
JD_12943554,2021-02-28,0,0,0,0,0,0,0
JD_12943552,2021-02-28,0,0,0,0,0,0,0
JD_12943546,2021-02-28,0,0,0,0,0,0,0
JD_12943544,2021-02-28,0,0,0,0,0,0,0
JD_12943542,2021-02-28,0,0,0,0,0,0,0
JD_12943534,2021-02-28,0,0,0,0,0,0,0
JD_12943526,2021-02-28,0,0,0,0,0,0,0
JD_12943516,2021-02-28,0,0,0,0,0,0,0
JD_12943504,2021-02-28,0,0,0,0,0,0,0
JD_12943494,2021-02-28,0,0,0,0,0,0,0
JD_12943472,2021-02-28,0,0,0,0,0,0,0
JD_12943460,2021-02-28,0,0,0,0,0,0,0
JD_12943428,2021-02-28,0,0,0,0,0,0,0
JD_12943324,2021-02-28,0,0,0,0,0,0,0
JD_12943316,2021-02-28,0,0,0,0,0,0,0
JD_12943288,2021-02-28,0,0,0,0,0,0,0
JD_12943230,2021-02-28,0,0,0,0,0,0,0
JD_12943168,2021-02-28,0,0,0,0,0,0,0
JD_12943138,2021-02-28,0,0,0,0,0,0,0
JD_12943122,2021-02-28,0,0,0,0,0,0,0
JD_12943096,2021-02-28,0,0,0,0,0,0,0
JD_12943082,2021-02-28,0,0,0,0,0,0,0
JD_12943054,2021-02-28,0,0,0,0,0,0,0
JD_12942886,2021-02-28,0,0,0,0,0,0,0
JD_12942876,2021-02-28,0,0,0,0,0,0,0
JD_12942874,2021-02-28,0,0,0,0,0,0,0
JD_12942852,2021-02-28,0,0,0,0,0,0,0
JD_12942748,2021-02-28,0,0,0,0,0,0,0
JD_12942738,2021-02-28,0,0,0,0,0,0,0
JD_12942732,2021-02-28,0,0,0,0,0,0,0
JD_12942642,2021-02-28,0,0,0,0,0,0,0
JD_12942636,2021-02-28,0,0,0,0,0,0,0
JD_12942634,2021-02-28,0,0,0,0,0,0,0
JD_12942614,2021-02-28,0,0,0,0,0,0,0
JD_12942612,2021-02-28,0,0,0,0,0,0,0
JD_12942610,2021-02-28,0,0,0,0,0,0,0
JD_12942606,2021-02-28,0,0,0,0,0,0,0
JD_12942602,2021-02-28,0,0,0,0,0,0,0
JD_12942600,2021-02-28,0,0,0,0,0,0,0
JD_12942580,2021-02-28,0,0,0,0,0,0,0
JD_12942574,2021-02-28,0,0,0,0,0,0,0
JD_12942570,2021-02-28,0,0,0,0,0,0,0
JD_12942558,2021-02-28,0,0,0,0,0,0,0
JD_12942524,2021-02-28,0,0,0,0,0,0,0
JD_12942522,2021-02-28,0,0,0,0,0,0,0
JD_12942520,2021-02-28,0,0,0,0,0,0,0
JD_12942506,2021-02-28,1,1,0,0,0,0,0
JD_12942504,2021-02-28,0,0,0,0,0,0,0
JD_12942478,2021-02-28,0,0,0,0,0,0,0
JD_12942444,2021-02-28,0,0,0,0,0,0,0
JD_12942440,2021-02-28,0,0,0,0,0,0,0
JD_12942436,2021-02-28,0,0,0,0,0,0,0
JD_12942234,2021-02-28,0,0,0,0,0,0,0
JD_12942212,2021-02-28,0,0,0,0,0,0,0
JD_12942196,2021-02-28,0,0,0,0,0,0,0
JD_12942152,2021-02-28,0,0,0,0,0,0,0
JD_12942150,2021-02-28,0,0,0,0,0,0,0
JD_12942102,2021-02-28,0,0,0,0,0,0,0
JD_12942084,2021-02-28,0,0,0,0,0,0,0
JD_12942082,2021-02-28,0,0,0,0,0,0,0
JD_12942072,2021-02-28,0,0,0,0,0,0,0
JD_12942070,2021-02-28,0,0,0,0,0,0,0
JD_12942068,2021-02-28,0,0,0,0,0,0,0
JD_12942006,2021-02-28,0,0,0,0,0,0,0
JD_12941998,2021-02-28,0,0,0,0,0,0,0
JD_12941960,2021-02-28,0,0,0,0,0,0,0
JD_12941924,2021-02-28,0,0,0,0,0,0,0
