JD_12683161,2021-02-28,0,0,0,0,0,0,0
JD_12683155,2021-02-28,0,0,0,0,0,0,0
JD_12683152,2021-02-28,0,0,0,0,0,0,0
JD_12683138,2021-02-28,0,0,0,0,0,0,0
JD_12683135,2021-02-28,0,0,0,0,0,0,0
JD_12683124,2021-02-28,0,0,0,0,0,0,0
JD_12683081,2021-02-28,0,0,0,0,0,0,0
JD_12683075,2021-02-28,0,0,0,0,0,0,0
JD_12683073,2021-02-28,0,0,0,0,0,0,0
JD_12683052,2021-02-28,0,0,0,0,0,0,0
JD_12683046,2021-02-28,0,0,0,0,0,0,0
JD_12683036,2021-02-28,0,0,0,0,0,0,0
JD_12682922,2021-02-28,0,0,0,0,0,0,0
JD_12682917,2021-02-28,0,0,0,0,0,0,0
JD_12682900,2021-02-28,0,0,0,0,0,0,0
JD_12682889,2021-02-28,0,0,0,0,0,0,0
JD_12682883,2021-02-28,0,0,0,0,0,0,0
JD_12682875,2021-02-28,0,0,0,0,0,0,0
JD_12682841,2021-02-28,0,0,0,0,0,0,0
JD_12682839,2021-02-28,0,0,0,0,0,0,0
JD_12682819,2021-02-28,0,0,0,0,0,0,0
JD_12682789,2021-02-28,0,0,0,0,0,0,0
JD_12682763,2021-02-28,0,0,0,0,0,0,0
JD_12682755,2021-02-28,0,0,0,0,0,0,0
JD_12682729,2021-02-28,0,0,0,0,0,0,0
JD_12682716,2021-02-28,0,0,0,0,0,0,0
JD_12682667,2021-02-28,0,0,0,0,0,0,0
JD_12682661,2021-02-28,0,0,0,0,0,0,0
JD_12682648,2021-02-28,0,0,0,0,0,0,0
JD_12682647,2021-02-28,0,0,0,0,0,0,0
JD_12682643,2021-02-28,0,0,0,0,0,0,0
JD_12682634,2021-02-28,0,0,0,0,0,0,0
JD_12682625,2021-02-28,0,0,0,0,0,0,0
JD_12682623,2021-02-28,0,0,0,0,0,0,0
JD_12682584,2021-02-28,0,0,0,0,0,0,0
JD_12682582,2021-02-28,0,0,0,0,0,0,0
JD_12682579,2021-02-28,0,0,0,0,0,0,0
JD_12682534,2021-02-28,0,0,0,0,0,0,0
JD_12682530,2021-02-28,0,0,0,0,0,0,0
JD_12682527,2021-02-28,0,0,0,0,0,0,0
JD_12682513,2021-02-28,0,0,0,0,0,0,0
JD_12682498,2021-02-28,0,0,0,0,0,0,0
JD_12682460,2021-02-28,0,0,0,0,0,0,0
JD_12682445,2021-02-28,0,0,0,0,0,0,0
JD_12682439,2021-02-28,0,0,0,0,0,0,0
JD_12682417,2021-02-28,0,0,0,0,0,0,0
JD_12682402,2021-02-28,0,0,0,0,0,0,0
JD_12682386,2021-02-28,0,0,0,0,0,0,0
JD_12682384,2021-02-28,0,0,0,0,0,0,0
JD_12682374,2021-02-28,0,0,0,0,0,0,0
JD_12682352,2021-02-28,0,0,0,0,0,0,0
JD_12682245,2021-02-28,0,0,0,0,0,0,0
JD_12682229,2021-02-28,0,0,0,0,0,0,0
JD_12682217,2021-02-28,0,0,0,0,0,0,0
JD_12682201,2021-02-28,0,0,0,0,0,0,0
JD_12682197,2021-02-28,0,0,0,0,0,0,0
JD_12682195,2021-02-28,0,0,0,0,0,0,0
JD_12682179,2021-02-28,0,0,0,0,0,0,0
JD_12682171,2021-02-28,0,0,0,0,0,0,0
JD_12682169,2021-02-28,0,0,0,0,0,0,0
JD_12682149,2021-02-28,0,0,0,0,0,0,0
JD_12682147,2021-02-28,0,0,0,0,0,0,0
JD_12682145,2021-02-28,0,0,0,0,0,0,0
JD_12682133,2021-02-28,0,0,0,0,0,0,0
JD_12682132,2021-02-28,0,0,0,0,0,0,0
JD_12682125,2021-02-28,0,0,0,0,0,0,0
JD_12682041,2021-02-28,0,0,0,0,0,0,0
JD_12682037,2021-02-28,0,0,0,0,0,0,0
JD_12682035,2021-02-28,0,0,0,0,0,0,0
JD_12682033,2021-02-28,0,0,0,0,0,0,0
