JD_12602279,2021-02-28,0,0,0,0,0,0,0
JD_12602275,2021-02-28,0,0,0,0,0,0,0
JD_12602247,2021-02-28,0,0,0,0,0,0,0
JD_12602167,2021-02-28,0,0,0,0,0,0,0
JD_12602163,2021-02-28,0,0,0,0,0,0,0
JD_12602161,2021-02-28,0,0,0,0,0,0,0
JD_12602158,2021-02-28,0,0,0,0,0,0,0
JD_12602127,2021-02-28,0,0,0,0,0,0,0
JD_12602126,2021-02-28,0,0,0,0,0,0,0
JD_12602111,2021-02-28,0,0,0,0,0,0,0
JD_12602105,2021-02-28,0,0,0,0,0,0,0
JD_12602094,2021-02-28,0,0,0,0,0,0,0
JD_12602087,2021-02-28,0,0,0,0,0,0,0
JD_12602085,2021-02-28,0,0,0,0,0,0,0
JD_12601911,2021-02-28,0,0,0,0,0,0,0
JD_12601849,2021-02-28,0,0,0,0,0,0,0
JD_12601823,2021-02-28,0,0,0,0,0,0,0
JD_12601739,2021-02-28,0,0,0,0,0,0,0
JD_12601737,2021-02-28,0,0,0,0,0,0,0
JD_12601735,2021-02-28,0,0,0,0,0,0,0
JD_12601731,2021-02-28,0,0,0,0,0,0,0
JD_12601729,2021-02-28,0,0,0,0,0,0,0
JD_12601701,2021-02-28,0,0,0,0,0,0,0
JD_12601689,2021-02-28,0,0,0,0,0,0,0
JD_12601505,2021-02-28,0,0,0,0,0,0,0
JD_12601441,2021-02-28,0,0,0,0,0,0,0
JD_12601439,2021-02-28,0,0,0,0,0,0,0
JD_12601427,2021-02-28,0,0,0,0,0,0,0
JD_12601404,2021-02-28,0,0,0,0,0,0,0
JD_12601339,2021-02-28,0,0,0,0,0,0,0
JD_12601334,2021-02-28,0,0,0,0,0,0,0
JD_12601324,2021-02-28,0,0,0,0,0,0,0
JD_12601309,2021-02-28,0,0,0,0,0,0,0
JD_12601307,2021-02-28,0,0,0,0,0,0,0
JD_12601300,2021-02-28,0,0,0,0,0,0,0
JD_12601298,2021-02-28,0,0,0,0,0,0,0
JD_12601249,2021-02-28,0,0,0,0,0,0,0
JD_12601237,2021-02-28,0,0,0,0,0,0,0
JD_12601187,2021-02-28,0,0,0,0,0,0,0
JD_12601181,2021-02-28,0,0,0,0,0,0,0
JD_12601175,2021-02-28,0,0,0,0,0,0,0
JD_12601171,2021-02-28,0,0,0,0,0,0,0
JD_12601121,2021-02-28,0,0,0,0,0,0,0
JD_12601097,2021-02-28,0,0,0,0,0,0,0
JD_12601089,2021-02-28,0,0,0,0,0,0,0
JD_12601087,2021-02-28,0,0,0,0,0,0,0
JD_12601085,2021-02-28,0,0,0,0,0,0,0
JD_12601077,2021-02-28,0,0,0,0,0,0,0
JD_12601075,2021-02-28,0,0,0,0,0,0,0
JD_12601073,2021-02-28,0,0,0,0,0,0,0
JD_12601071,2021-02-28,0,0,0,0,0,0,0
JD_12601067,2021-02-28,0,0,0,0,0,0,0
JD_12601065,2021-02-28,0,0,0,0,0,0,0
JD_12601059,2021-02-28,0,0,0,0,0,0,0
JD_12601057,2021-02-28,0,0,0,0,0,0,0
JD_12601045,2021-02-28,0,0,0,0,0,0,0
JD_12601043,2021-02-28,0,0,0,0,0,0,0
JD_12600995,2021-02-28,0,0,0,0,0,0,0
JD_12600960,2021-02-28,0,0,0,0,0,0,0
JD_12600950,2021-02-28,0,0,0,0,0,0,0
JD_12600892,2021-02-28,0,0,0,0,0,0,0
JD_12600876,2021-02-28,0,0,0,0,0,0,0
JD_12600865,2021-02-28,0,0,0,0,0,0,0
JD_12600761,2021-02-28,0,0,0,0,0,0,0
JD_12600753,2021-02-28,0,0,0,0,0,0,0
JD_12600731,2021-02-28,0,0,0,0,0,0,0
JD_12600729,2021-02-28,0,0,0,0,0,0,0
JD_12600727,2021-02-28,0,0,0,0,0,0,0
JD_12600725,2021-02-28,0,0,0,0,0,0,0
JD_12600723,2021-02-28,0,0,0,0,0,0,0
