JD_12762536,2021-02-28,0,0,0,0,0,0,0
JD_12762529,2021-02-28,0,0,0,0,0,0,0
JD_12762527,2021-02-28,0,0,0,0,0,0,0
JD_12762525,2021-02-28,0,0,0,0,0,0,0
JD_12762512,2021-02-28,0,0,0,0,0,0,0
JD_12762503,2021-02-28,0,0,0,0,0,0,0
JD_12762500,2021-02-28,0,0,0,0,0,0,0
JD_12762498,2021-02-28,0,0,0,0,0,0,0
JD_12762494,2021-02-28,0,0,0,0,0,0,0
JD_12762464,2021-02-28,0,0,0,0,0,0,0
JD_12762450,2021-02-28,0,0,0,0,0,0,0
JD_12762445,2021-02-28,0,0,0,0,0,0,0
JD_12762436,2021-02-28,0,0,0,0,0,0,0
JD_12762430,2021-02-28,0,0,0,0,0,0,0
JD_12762426,2021-02-28,0,0,0,0,0,0,0
JD_12762424,2021-02-28,0,0,0,0,0,0,0
JD_12762415,2021-02-28,0,0,0,0,0,0,0
JD_12762413,2021-02-28,0,0,0,0,0,0,0
JD_12762411,2021-02-28,0,0,0,0,0,0,0
JD_12762409,2021-02-28,0,0,0,0,0,0,0
JD_12762393,2021-02-28,0,0,0,0,0,0,0
JD_12762391,2021-02-28,0,0,0,0,0,0,0
JD_12762389,2021-02-28,0,0,0,0,0,0,0
JD_12762387,2021-02-28,0,0,0,0,0,0,0
JD_12762381,2021-02-28,0,0,0,0,0,0,0
JD_12762375,2021-02-28,0,0,0,0,0,0,0
JD_12762362,2021-02-28,0,0,0,0,0,0,0
JD_12762357,2021-02-28,0,0,0,0,0,0,0
JD_12762351,2021-02-28,0,0,0,0,0,0,0
JD_12762347,2021-02-28,0,0,0,0,0,0,0
JD_12762321,2021-02-28,0,0,0,0,0,0,0
JD_12762315,2021-02-28,0,0,0,0,0,0,0
JD_12762307,2021-02-28,0,0,0,0,0,0,0
JD_12762305,2021-02-28,0,0,0,0,0,0,0
JD_12762297,2021-02-28,0,0,0,0,0,0,0
JD_12762293,2021-02-28,0,0,0,0,0,0,0
JD_12762289,2021-02-28,0,0,0,0,0,0,0
JD_12762287,2021-02-28,0,0,0,0,0,0,0
JD_12762272,2021-02-28,0,0,0,0,0,0,0
JD_12762265,2021-02-28,0,0,0,0,0,0,0
JD_12762264,2021-02-28,0,0,0,0,0,0,0
JD_12762241,2021-02-28,0,0,0,0,0,0,0
JD_12762228,2021-02-28,0,0,0,0,0,0,0
JD_12762225,2021-02-28,0,0,0,0,0,0,0
JD_12762205,2021-02-28,0,0,0,0,0,0,0
JD_12762201,2021-02-28,0,0,0,0,0,0,0
JD_12762195,2021-02-28,0,0,0,0,0,0,0
JD_12762193,2021-02-28,0,0,0,0,0,0,0
JD_12762189,2021-02-28,0,0,0,0,0,0,0
JD_12762185,2021-02-28,0,0,0,0,0,0,0
JD_12762179,2021-02-28,0,0,0,0,0,0,0
JD_12762177,2021-02-28,0,0,0,0,0,0,0
JD_12762165,2021-02-28,0,0,0,0,0,0,0
JD_12762163,2021-02-28,0,0,0,0,0,0,0
JD_12762161,2021-02-28,0,0,0,0,0,0,0
JD_12762157,2021-02-28,0,0,0,0,0,0,0
JD_12762139,2021-02-28,0,0,0,0,0,0,0
JD_12762128,2021-02-28,0,0,0,0,0,0,0
JD_12762085,2021-02-28,0,0,0,0,0,0,0
JD_12762071,2021-02-28,0,0,0,0,0,0,0
JD_12762057,2021-02-28,0,0,0,0,0,0,0
JD_12762053,2021-02-28,0,0,0,0,0,0,0
JD_12762051,2021-02-28,0,0,0,0,0,0,0
JD_12762049,2021-02-28,0,0,0,0,0,0,0
JD_12762041,2021-02-28,0,0,0,0,0,0,0
JD_12762016,2021-02-28,0,0,0,0,0,0,0
JD_12762014,2021-02-28,0,0,0,0,0,0,0
JD_12762009,2021-02-28,0,0,0,0,0,0,0
JD_12761935,2021-02-28,0,0,0,0,0,0,0
JD_12761921,2021-02-28,0,0,0,0,0,0,0
