JD_12666625,2021-02-28,0,0,0,0,0,0,0
JD_12666623,2021-02-28,0,0,0,0,0,0,0
JD_12666615,2021-02-28,0,0,0,0,0,0,0
JD_12666597,2021-02-28,0,0,0,0,0,0,0
JD_12666593,2021-02-28,0,0,0,0,0,0,0
JD_12666591,2021-02-28,0,0,0,0,0,0,0
JD_12666511,2021-02-28,0,0,0,0,0,0,0
JD_12666500,2021-02-28,0,0,0,0,0,0,0
JD_12666499,2021-02-28,0,0,0,0,0,0,0
JD_12666467,2021-02-28,0,0,0,0,0,0,0
JD_12666463,2021-02-28,0,0,0,0,0,0,0
JD_12666461,2021-02-28,0,0,0,0,0,0,0
JD_12666433,2021-02-28,0,0,0,0,0,0,0
JD_12666431,2021-02-28,0,0,0,0,0,0,0
JD_12666421,2021-02-28,0,0,0,0,0,0,0
JD_12666419,2021-02-28,0,0,0,0,0,0,0
JD_12666409,2021-02-28,0,0,0,0,0,0,0
JD_12666389,2021-02-28,0,0,0,0,0,0,0
JD_12666377,2021-02-28,0,0,0,0,0,0,0
JD_12666373,2021-02-28,0,0,0,0,0,0,0
JD_12666361,2021-02-28,0,0,0,0,0,0,0
JD_12666355,2021-02-28,0,0,0,0,0,0,0
JD_12666349,2021-02-28,0,0,0,0,0,0,0
JD_12666347,2021-02-28,0,0,0,0,0,0,0
JD_12666337,2021-02-28,0,0,0,0,0,0,0
JD_12666298,2021-02-28,0,0,0,0,0,0,0
JD_12666296,2021-02-28,0,0,0,0,0,0,0
JD_12666294,2021-02-28,0,0,0,0,0,0,0
JD_12666279,2021-02-28,0,0,0,0,0,0,0
JD_12666259,2021-02-28,0,0,0,0,0,0,0
JD_12666247,2021-02-28,0,0,0,0,0,0,0
JD_12666239,2021-02-28,1,1,0,0,0,0,0
JD_12666235,2021-02-28,0,0,0,0,0,0,0
JD_12666232,2021-02-28,0,0,0,0,0,0,0
JD_12666218,2021-02-28,0,0,0,0,0,0,0
JD_12666205,2021-02-28,0,0,0,0,0,0,0
JD_12666203,2021-02-28,0,0,0,0,0,0,0
JD_12666191,2021-02-28,0,0,0,0,0,0,0
JD_12666181,2021-02-28,0,0,0,0,0,0,0
JD_12666179,2021-02-28,0,0,0,0,0,0,0
JD_12666177,2021-02-28,0,0,0,0,0,0,0
JD_12666172,2021-02-28,0,0,0,0,0,0,0
JD_12666159,2021-02-28,0,0,0,0,0,0,0
JD_12666155,2021-02-28,0,0,0,0,0,0,0
JD_12666096,2021-02-28,0,0,0,0,0,0,0
JD_12666075,2021-02-28,0,0,0,0,0,0,0
JD_12666043,2021-02-28,0,0,0,0,0,0,0
JD_12666015,2021-02-28,0,0,0,0,0,0,0
JD_12666012,2021-02-28,0,0,0,0,0,0,0
JD_12666011,2021-02-28,0,0,0,0,0,0,0
JD_12666008,2021-02-28,0,0,0,0,0,0,0
JD_12666005,2021-02-28,0,0,0,0,0,0,0
JD_12666004,2021-02-28,0,0,0,0,0,0,0
JD_12666003,2021-02-28,0,0,0,0,0,0,0
JD_12665999,2021-02-28,0,0,0,0,0,0,0
JD_12665993,2021-02-28,0,0,0,0,0,0,0
JD_12665982,2021-02-28,0,0,0,0,0,0,0
JD_12665953,2021-02-28,0,0,0,0,0,0,0
JD_12665943,2021-02-28,0,0,0,0,0,0,0
JD_12665930,2021-02-28,0,0,0,0,0,0,0
JD_12665911,2021-02-28,0,0,0,0,0,0,0
JD_12665883,2021-02-28,0,0,0,0,0,0,0
JD_12665866,2021-02-28,0,0,0,0,0,0,0
JD_12665826,2021-02-28,0,0,0,0,0,0,0
JD_12665818,2021-02-28,0,0,0,0,0,0,0
JD_12665799,2021-02-28,0,0,0,0,0,0,0
JD_12665795,2021-02-28,0,0,0,0,0,0,0
JD_12665781,2021-02-28,0,0,0,0,0,0,0
JD_12665780,2021-02-28,0,0,0,0,0,0,0
JD_12665753,2021-02-28,0,0,0,0,0,0,0
