JD_12951080,2021-02-28,0,0,0,0,0,0,0
JD_12950960,2021-02-28,0,0,0,0,0,0,0
JD_12950938,2021-02-28,0,0,0,0,0,0,0
JD_12950908,2021-02-28,0,0,0,0,0,0,0
JD_12950874,2021-02-28,0,0,0,0,0,0,0
JD_12950812,2021-02-28,0,0,0,0,0,0,0
JD_12950790,2021-02-28,0,0,0,0,0,0,0
JD_12950782,2021-02-28,0,0,0,0,0,0,0
JD_12950750,2021-02-28,0,0,0,0,0,0,0
JD_12950738,2021-02-28,0,0,0,0,0,0,0
JD_12950720,2021-02-28,0,0,0,0,0,0,0
JD_12950718,2021-02-28,0,0,0,0,0,0,0
JD_12950712,2021-02-28,0,0,0,0,0,0,0
JD_12950710,2021-02-28,0,0,0,0,0,0,0
JD_12950706,2021-02-28,0,0,0,0,0,0,0
JD_12950700,2021-02-28,0,0,0,0,0,0,0
JD_12950682,2021-02-28,0,0,0,0,0,0,0
JD_12950650,2021-02-28,0,0,0,0,0,0,0
JD_12950634,2021-02-28,0,0,0,0,0,0,0
JD_12950616,2021-02-28,0,0,0,0,0,0,0
JD_12950612,2021-02-28,0,0,0,0,0,0,0
JD_12950606,2021-02-28,0,0,0,0,0,0,0
JD_12950604,2021-02-28,0,0,0,0,0,0,0
JD_12950596,2021-02-28,0,0,0,0,0,0,0
JD_12950594,2021-02-28,0,0,0,0,0,0,0
JD_12950588,2021-02-28,0,0,0,0,0,0,0
JD_12950580,2021-02-28,0,0,0,0,0,0,0
JD_12950576,2021-02-28,0,0,0,0,0,0,0
JD_12950540,2021-02-28,0,0,0,0,0,0,0
JD_12950484,2021-02-28,0,0,0,0,0,0,0
JD_12950456,2021-02-28,0,0,0,0,0,0,0
JD_12950358,2021-02-28,0,0,0,0,0,0,0
JD_12950334,2021-02-28,0,0,0,0,0,0,0
JD_12950332,2021-02-28,0,0,0,0,0,0,0
JD_12950324,2021-02-28,0,0,0,0,0,0,0
JD_12950290,2021-02-28,0,0,0,0,0,0,0
JD_12950286,2021-02-28,0,0,0,0,0,0,0
JD_12950282,2021-02-28,0,0,0,0,0,0,0
JD_12950270,2021-02-28,0,0,0,0,0,0,0
JD_12950268,2021-02-28,0,0,0,0,0,0,0
JD_12950262,2021-02-28,0,0,0,0,0,0,0
JD_12950248,2021-02-28,0,0,0,0,0,0,0
JD_12950246,2021-02-28,0,0,0,0,0,0,0
JD_12950244,2021-02-28,0,0,0,0,0,0,0
JD_12950236,2021-02-28,0,0,0,0,0,0,0
JD_12950220,2021-02-28,0,0,0,0,0,0,0
JD_12950210,2021-02-28,0,0,0,0,0,0,0
JD_12950208,2021-02-28,0,0,0,0,0,0,0
JD_12950206,2021-02-28,0,0,0,0,0,0,0
JD_12950198,2021-02-28,0,0,0,0,0,0,0
JD_12950190,2021-02-28,0,0,0,0,0,0,0
JD_12950186,2021-02-28,0,0,0,0,0,0,0
JD_12950166,2021-02-28,0,0,0,0,0,0,0
JD_12949308,2021-02-28,0,0,0,0,0,0,0
JD_12949304,2021-02-28,0,0,0,0,0,0,0
JD_12949286,2021-02-28,0,0,0,0,0,0,0
JD_12949280,2021-02-28,0,0,0,0,0,0,0
JD_12949278,2021-02-28,0,0,0,0,0,0,0
JD_12949274,2021-02-28,0,0,0,0,0,0,0
JD_12949272,2021-02-28,0,0,0,0,0,0,0
JD_12949266,2021-02-28,0,0,0,0,0,0,0
JD_12949264,2021-02-28,0,0,0,0,0,0,0
JD_12949256,2021-02-28,0,0,0,0,0,0,0
JD_12949228,2021-02-28,0,0,0,0,0,0,0
JD_12949206,2021-02-28,0,0,0,0,0,0,0
JD_12949164,2021-02-28,0,0,0,0,0,0,0
JD_12949120,2021-02-28,0,0,0,0,0,0,0
JD_12949116,2021-02-28,0,0,0,0,0,0,0
JD_12949020,2021-02-28,0,0,0,0,0,0,0
JD_12948980,2021-02-28,0,0,0,0,0,0,0
