JD_12619882,2021-02-28,0,0,0,0,0,0,0
JD_12619863,2021-02-28,0,0,0,0,0,0,0
JD_12619861,2021-02-28,0,0,0,0,0,0,0
JD_12619859,2021-02-28,0,0,0,0,0,0,0
JD_12619855,2021-02-28,0,0,0,0,0,0,0
JD_12619853,2021-02-28,0,0,0,0,0,0,0
JD_12619801,2021-02-28,0,0,0,0,0,0,0
JD_12619779,2021-02-28,0,0,0,0,0,0,0
JD_12619746,2021-02-28,0,0,0,0,0,0,0
JD_12619651,2021-02-28,0,0,0,0,0,0,0
JD_12619647,2021-02-28,0,0,0,0,0,0,0
JD_12619645,2021-02-28,0,0,0,0,0,0,0
JD_12619643,2021-02-28,0,0,0,0,0,0,0
JD_12619641,2021-02-28,0,0,0,0,0,0,0
JD_12619639,2021-02-28,0,0,0,0,0,0,0
JD_12619637,2021-02-28,0,0,0,0,0,0,0
JD_12619635,2021-02-28,0,0,0,0,0,0,0
JD_12619629,2021-02-28,0,0,0,0,0,0,0
JD_12619621,2021-02-28,0,0,0,0,0,0,0
JD_12619619,2021-02-28,0,0,0,0,0,0,0
JD_12619613,2021-02-28,0,0,0,0,0,0,0
JD_12619609,2021-02-28,0,0,0,0,0,0,0
JD_12619599,2021-02-28,0,0,0,0,0,0,0
JD_12619589,2021-02-28,0,0,0,0,0,0,0
JD_12619585,2021-02-28,0,0,0,0,0,0,0
JD_12619583,2021-02-28,0,0,0,0,0,0,0
JD_12619579,2021-02-28,0,0,0,0,0,0,0
JD_12619577,2021-02-28,0,0,0,0,0,0,0
JD_12619571,2021-02-28,0,0,0,0,0,0,0
JD_12619553,2021-02-28,0,0,0,0,0,0,0
JD_12619543,2021-02-28,0,0,0,0,0,0,0
JD_12619531,2021-02-28,0,0,0,0,0,0,0
JD_12619457,2021-02-28,0,0,0,0,0,0,0
JD_12619430,2021-02-28,0,0,0,0,0,0,0
JD_12619429,2021-02-28,0,0,0,0,0,0,0
JD_12619371,2021-02-28,0,0,0,0,0,0,0
JD_12619366,2021-02-28,0,0,0,0,0,0,0
JD_12619363,2021-02-28,0,0,0,0,0,0,0
JD_12619345,2021-02-28,0,0,0,0,0,0,0
JD_12619339,2021-02-28,0,0,0,0,0,0,0
JD_12619336,2021-02-28,0,0,0,0,0,0,0
JD_12619293,2021-02-28,0,0,0,0,0,0,0
JD_12619291,2021-02-28,0,0,0,0,0,0,0
JD_12619273,2021-02-28,0,0,0,0,0,0,0
JD_12619253,2021-02-28,0,0,0,0,0,0,0
JD_12619251,2021-02-28,0,0,0,0,0,0,0
JD_12619179,2021-02-28,0,0,0,0,0,0,0
JD_12619175,2021-02-28,0,0,0,0,0,0,0
JD_12619139,2021-02-28,0,0,0,0,0,0,0
JD_12619116,2021-02-28,0,0,0,0,0,0,0
JD_12619101,2021-02-28,0,0,0,0,0,0,0
JD_12619068,2021-02-28,0,0,0,0,0,0,0
JD_12619064,2021-02-28,0,0,0,0,0,0,0
JD_12619032,2021-02-28,0,0,0,0,0,0,0
JD_12619017,2021-02-28,0,0,0,0,0,0,0
JD_12619015,2021-02-28,0,0,0,0,0,0,0
JD_12619008,2021-02-28,0,0,0,0,0,0,0
JD_12619001,2021-02-28,0,0,0,0,0,0,0
JD_12618997,2021-02-28,0,0,0,0,0,0,0
JD_12618989,2021-02-28,0,0,0,0,0,0,0
JD_12618925,2021-02-28,0,0,0,0,0,0,0
JD_12618893,2021-02-28,0,0,0,0,0,0,0
JD_12618891,2021-02-28,0,0,0,0,0,0,0
JD_12618888,2021-02-28,0,0,0,0,0,0,0
JD_12618862,2021-02-28,0,0,0,0,0,0,0
JD_12618847,2021-02-28,0,0,0,0,0,0,0
JD_12618843,2021-02-28,0,0,0,0,0,0,0
JD_12618823,2021-02-28,0,0,0,0,0,0,0
JD_12618782,2021-02-28,0,0,0,0,0,0,0
JD_12618781,2021-02-28,0,0,0,0,0,0,0
