JD_12572076,2021-02-28,0,0,0,0,0,0,0
JD_12572035,2021-02-28,0,0,0,0,0,0,0
JD_12571995,2021-02-28,0,0,0,0,0,0,0
JD_12571989,2021-02-28,0,0,0,0,0,0,0
JD_12571961,2021-02-28,0,0,0,0,0,0,0
JD_12571956,2021-02-28,0,0,0,0,0,0,0
JD_12571909,2021-02-28,0,0,0,0,0,0,0
JD_12571899,2021-02-28,0,0,0,0,0,0,0
JD_12571876,2021-02-28,0,0,0,0,0,0,0
JD_12571874,2021-02-28,0,0,0,0,0,0,0
JD_12571872,2021-02-28,0,0,0,0,0,0,0
JD_12571841,2021-02-28,0,0,0,0,0,0,0
JD_12571819,2021-02-28,0,0,0,0,0,0,0
JD_12571774,2021-02-28,0,0,0,0,0,0,0
JD_12571761,2021-02-28,0,0,0,0,0,0,0
JD_12571739,2021-02-28,0,0,0,0,0,0,0
JD_12571730,2021-02-28,0,0,0,0,0,0,0
JD_12571722,2021-02-28,0,0,0,0,0,0,0
JD_12571715,2021-02-28,0,0,0,0,0,0,0
JD_12571711,2021-02-28,0,0,0,0,0,0,0
JD_12571661,2021-02-28,0,0,0,0,0,0,0
JD_12571611,2021-02-28,0,0,0,0,0,0,0
JD_12571553,2021-02-28,0,0,0,0,0,0,0
JD_12571519,2021-02-28,0,0,0,0,0,0,0
JD_12571513,2021-02-28,0,0,0,0,0,0,0
JD_12571465,2021-02-28,0,0,0,0,0,0,0
JD_12571461,2021-02-28,0,0,0,0,0,0,0
JD_12571446,2021-02-28,0,0,0,0,0,0,0
JD_12571423,2021-02-28,0,0,0,0,0,0,0
JD_12571421,2021-02-28,0,0,0,0,0,0,0
JD_12571403,2021-02-28,0,0,0,0,0,0,0
JD_12571379,2021-02-28,0,0,0,0,0,0,0
JD_12571325,2021-02-28,0,0,0,0,0,0,0
JD_12571291,2021-02-28,0,0,0,0,0,0,0
JD_12571204,2021-02-28,0,0,0,0,0,0,0
JD_12571193,2021-02-28,0,0,0,0,0,0,0
JD_12571191,2021-02-28,0,0,0,0,0,0,0
JD_12571189,2021-02-28,0,0,0,0,0,0,0
JD_12571151,2021-02-28,0,0,0,0,0,0,0
JD_12571135,2021-02-28,0,0,0,0,0,0,0
JD_12571117,2021-02-28,0,0,0,0,0,0,0
JD_12571029,2021-02-28,0,0,0,0,0,0,0
JD_12571021,2021-02-28,0,0,0,0,0,0,0
JD_12571013,2021-02-28,0,0,0,0,0,0,0
JD_12570983,2021-02-28,0,0,0,0,0,0,0
JD_12570975,2021-02-28,0,0,0,0,0,0,0
JD_12570959,2021-02-28,0,0,0,0,0,0,0
JD_12570948,2021-02-28,0,0,0,0,0,0,0
JD_12570936,2021-02-28,0,0,0,0,0,0,0
JD_12570906,2021-02-28,0,0,0,0,0,0,0
JD_12570905,2021-02-28,0,0,0,0,0,0,0
JD_12570893,2021-02-28,0,0,0,0,0,0,0
JD_12570892,2021-02-28,0,0,0,0,0,0,0
JD_12570873,2021-02-28,0,0,0,0,0,0,0
JD_12570784,2021-02-28,0,0,0,0,0,0,0
JD_12570769,2021-02-28,0,0,0,0,0,0,0
JD_12570758,2021-02-28,0,0,0,0,0,0,0
JD_12570730,2021-02-28,0,0,0,0,0,0,0
JD_12570722,2021-02-28,0,0,0,0,0,0,0
JD_12570716,2021-02-28,0,0,0,0,0,0,0
JD_12570714,2021-02-28,0,0,0,0,0,0,0
JD_12570617,2021-02-28,0,0,0,0,0,0,0
JD_12570584,2021-02-28,0,0,0,0,0,0,0
JD_12570545,2021-02-28,0,0,0,0,0,0,0
JD_12570541,2021-02-28,0,0,0,0,0,0,0
JD_12570538,2021-02-28,0,0,0,0,0,0,0
JD_12570537,2021-02-28,0,0,0,0,0,0,0
JD_12570535,2021-02-28,0,0,0,0,0,0,0
JD_12570471,2021-02-28,0,0,0,0,0,0,0
JD_12570470,2021-02-28,0,0,0,0,0,0,0
