JD_12724687,2021-02-28,0,0,0,0,0,0,0
JD_12724679,2021-02-28,0,0,0,0,0,0,0
JD_12724674,2021-02-28,0,0,0,0,0,0,0
JD_12724670,2021-02-28,0,0,0,0,0,0,0
JD_12724659,2021-02-28,0,0,0,0,0,0,0
JD_12724647,2021-02-28,0,0,0,0,0,0,0
JD_12724641,2021-02-28,0,0,0,0,0,0,0
JD_12724637,2021-02-28,0,0,0,0,0,0,0
JD_12724633,2021-02-28,0,0,0,0,0,0,0
JD_12724617,2021-02-28,0,0,0,0,0,0,0
JD_12724612,2021-02-28,0,0,0,0,0,0,0
JD_12724601,2021-02-28,0,0,0,0,0,0,0
JD_12724596,2021-02-28,0,0,0,0,0,0,0
JD_12724581,2021-02-28,0,0,0,0,0,0,0
JD_12724571,2021-02-28,0,0,0,0,0,0,0
JD_12724569,2021-02-28,0,0,0,0,0,0,0
JD_12724561,2021-02-28,0,0,0,0,0,0,0
JD_12724555,2021-02-28,0,0,0,0,0,0,0
JD_12724551,2021-02-28,0,0,0,0,0,0,0
JD_12724547,2021-02-28,0,0,0,0,0,0,0
JD_12724545,2021-02-28,0,0,0,0,0,0,0
JD_12724540,2021-02-28,0,0,0,0,0,0,0
JD_12724487,2021-02-28,0,0,0,0,0,0,0
JD_12724465,2021-02-28,1,1,0,0,0,0,0
JD_12724461,2021-02-28,0,0,0,0,0,0,0
JD_12724451,2021-02-28,0,0,0,0,0,0,0
JD_12724447,2021-02-28,0,0,0,0,0,0,0
JD_12724445,2021-02-28,0,0,0,0,0,0,0
JD_12724443,2021-02-28,0,0,0,0,0,0,0
JD_12724426,2021-02-28,0,0,0,0,0,0,0
JD_12724405,2021-02-28,0,0,0,0,0,0,0
JD_12724401,2021-02-28,0,0,0,0,0,0,0
JD_12724399,2021-02-28,0,0,0,0,0,0,0
JD_12724396,2021-02-28,0,0,0,0,0,0,0
JD_12724388,2021-02-28,0,0,0,0,0,0,0
JD_12724379,2021-02-28,0,0,0,0,0,0,0
JD_12724350,2021-02-28,0,0,0,0,0,0,0
JD_12724315,2021-02-28,0,0,0,0,0,0,0
JD_12724290,2021-02-28,0,0,0,0,0,0,0
JD_12724259,2021-02-28,0,0,0,0,0,0,0
JD_12724253,2021-02-28,0,0,0,0,0,0,0
JD_12724233,2021-02-28,0,0,0,0,0,0,0
JD_12724213,2021-02-28,0,0,0,0,0,0,0
JD_12724209,2021-02-28,0,0,0,0,0,0,0
JD_12724181,2021-02-28,0,0,0,0,0,0,0
JD_12724175,2021-02-28,0,0,0,0,0,0,0
JD_12724169,2021-02-28,0,0,0,0,0,0,0
JD_12724149,2021-02-28,0,0,0,0,0,0,0
JD_12724145,2021-02-28,0,0,0,0,0,0,0
JD_12724135,2021-02-28,0,0,0,0,0,0,0
JD_12724109,2021-02-28,0,0,0,0,0,0,0
JD_12724091,2021-02-28,0,0,0,0,0,0,0
JD_12724089,2021-02-28,0,0,0,0,0,0,0
JD_12724081,2021-02-28,0,0,0,0,0,0,0
JD_12724077,2021-02-28,0,0,0,0,0,0,0
JD_12724073,2021-02-28,0,0,0,0,0,0,0
JD_12724071,2021-02-28,0,0,0,0,0,0,0
JD_12724069,2021-02-28,0,0,0,0,0,0,0
JD_12724053,2021-02-28,0,0,0,0,0,0,0
JD_12724047,2021-02-28,0,0,0,0,0,0,0
JD_12724020,2021-02-28,0,0,0,0,0,0,0
JD_12724018,2021-02-28,0,0,0,0,0,0,0
JD_12724017,2021-02-28,0,0,0,0,0,0,0
JD_12723998,2021-02-28,0,0,0,0,0,0,0
JD_12723997,2021-02-28,1,0,1,0,0,0,0
JD_12723986,2021-02-28,0,0,0,0,0,0,0
JD_12723972,2021-02-28,0,0,0,0,0,0,0
JD_12723954,2021-02-28,0,0,0,0,0,0,0
JD_12723938,2021-02-28,0,0,0,0,0,0,0
JD_12723917,2021-02-28,0,0,0,0,0,0,0
