JD_12753681,2021-02-28,0,0,0,0,0,0,0
JD_12753676,2021-02-28,0,0,0,0,0,0,0
JD_12753659,2021-02-28,0,0,0,0,0,0,0
JD_12753657,2021-02-28,0,0,0,0,0,0,0
JD_12753655,2021-02-28,0,0,0,0,0,0,0
JD_12753645,2021-02-28,0,0,0,0,0,0,0
JD_12753609,2021-02-28,0,0,0,0,0,0,0
JD_12753593,2021-02-28,0,0,0,0,0,0,0
JD_12753591,2021-02-28,0,0,0,0,0,0,0
JD_12753573,2021-02-28,0,0,0,0,0,0,0
JD_12753523,2021-02-28,0,0,0,0,0,0,0
JD_12753521,2021-02-28,0,0,0,0,0,0,0
JD_12753513,2021-02-28,0,0,0,0,0,0,0
JD_12753512,2021-02-28,0,0,0,0,0,0,0
JD_12753511,2021-02-28,0,0,0,0,0,0,0
JD_12753505,2021-02-28,0,0,0,0,0,0,0
JD_12753503,2021-02-28,0,0,0,0,0,0,0
JD_12753502,2021-02-28,0,0,0,0,0,0,0
JD_12753500,2021-02-28,0,0,0,0,0,0,0
JD_12753499,2021-02-28,0,0,0,0,0,0,0
JD_12753497,2021-02-28,0,0,0,0,0,0,0
JD_12753495,2021-02-28,0,0,0,0,0,0,0
JD_12753491,2021-02-28,0,0,0,0,0,0,0
JD_12753485,2021-02-28,0,0,0,0,0,0,0
JD_12753483,2021-02-28,0,0,0,0,0,0,0
JD_12753481,2021-02-28,0,0,0,0,0,0,0
JD_12753476,2021-02-28,0,0,0,0,0,0,0
JD_12753475,2021-02-28,0,0,0,0,0,0,0
JD_12753473,2021-02-28,0,0,0,0,0,0,0
JD_12753469,2021-02-28,0,0,0,0,0,0,0
JD_12753465,2021-02-28,0,0,0,0,0,0,0
JD_12753463,2021-02-28,0,0,0,0,0,0,0
JD_12753457,2021-02-28,0,0,0,0,0,0,0
JD_12753449,2021-02-28,0,0,0,0,0,0,0
JD_12753447,2021-02-28,0,0,0,0,0,0,0
JD_12753437,2021-02-28,0,0,0,0,0,0,0
JD_12753431,2021-02-28,0,0,0,0,0,0,0
JD_12753427,2021-02-28,0,0,0,0,0,0,0
JD_12753421,2021-02-28,0,0,0,0,0,0,0
JD_12753415,2021-02-28,0,0,0,0,0,0,0
JD_12753409,2021-02-28,0,0,0,0,0,0,0
JD_12753407,2021-02-28,0,0,0,0,0,0,0
JD_12753405,2021-02-28,0,0,0,0,0,0,0
JD_12753382,2021-02-28,0,0,0,0,0,0,0
JD_12753379,2021-02-28,0,0,0,0,0,0,0
JD_12753329,2021-02-28,0,0,0,0,0,0,0
JD_12753311,2021-02-28,0,0,0,0,0,0,0
JD_12753301,2021-02-28,0,0,0,0,0,0,0
JD_12753299,2021-02-28,1,1,0,0,0,0,0
JD_12753288,2021-02-28,0,0,0,0,0,0,0
JD_12753277,2021-02-28,0,0,0,0,0,0,0
JD_12753262,2021-02-28,0,0,0,0,0,0,0
JD_12753251,2021-02-28,0,0,0,0,0,0,0
JD_12753247,2021-02-28,0,0,0,0,0,0,0
JD_12753245,2021-02-28,0,0,0,0,0,0,0
JD_12753241,2021-02-28,0,0,0,0,0,0,0
JD_12753237,2021-02-28,0,0,0,0,0,0,0
JD_12753233,2021-02-28,0,0,0,0,0,0,0
JD_12753231,2021-02-28,0,0,0,0,0,0,0
JD_12753229,2021-02-28,0,0,0,0,0,0,0
JD_12753227,2021-02-28,0,0,0,0,0,0,0
JD_12753221,2021-02-28,0,0,0,0,0,0,0
JD_12753219,2021-02-28,0,0,0,0,0,0,0
JD_12753201,2021-02-28,0,0,0,0,0,0,0
JD_12753199,2021-02-28,0,0,0,0,0,0,0
JD_12753198,2021-02-28,0,0,0,0,0,0,0
JD_12753197,2021-02-28,0,0,0,0,0,0,0
JD_12753196,2021-02-28,0,0,0,0,0,0,0
JD_12753189,2021-02-28,0,0,0,0,0,0,0
JD_12753187,2021-02-28,0,0,0,0,0,0,0
