JD_12622029,2021-02-28,0,0,0,0,0,0,0
JD_12622021,2021-02-28,0,0,0,0,0,0,0
JD_12621975,2021-02-28,0,0,0,0,0,0,0
JD_12621962,2021-02-28,0,0,0,0,0,0,0
JD_12621944,2021-02-28,0,0,0,0,0,0,0
JD_12621943,2021-02-28,0,0,0,0,0,0,0
JD_12621827,2021-02-28,0,0,0,0,0,0,0
JD_12621672,2021-02-28,0,0,0,0,0,0,0
JD_12621670,2021-02-28,0,0,0,0,0,0,0
JD_12621663,2021-02-28,0,0,0,0,0,0,0
JD_12621639,2021-02-28,0,0,0,0,0,0,0
JD_12621633,2021-02-28,0,0,0,0,0,0,0
JD_12621585,2021-02-28,0,0,0,0,0,0,0
JD_12621546,2021-02-28,0,0,0,0,0,0,0
JD_12621417,2021-02-28,0,0,0,0,0,0,0
JD_12621405,2021-02-28,0,0,0,0,0,0,0
JD_12621373,2021-02-28,0,0,0,0,0,0,0
JD_12621360,2021-02-28,0,0,0,0,0,0,0
