JD_12593640,2021-02-28,0,0,0,0,0,0,0
JD_12593593,2021-02-28,0,0,0,0,0,0,0
JD_12593527,2021-02-28,0,0,0,0,0,0,0
JD_12593450,2021-02-28,0,0,0,0,0,0,0
JD_12593411,2021-02-28,0,0,0,0,0,0,0
JD_12593389,2021-02-28,0,0,0,0,0,0,0
JD_12593300,2021-02-28,0,0,0,0,0,0,0
JD_12593282,2021-02-28,0,0,0,0,0,0,0
JD_12593278,2021-02-28,0,0,0,0,0,0,0
JD_12593269,2021-02-28,0,0,0,0,0,0,0
JD_12593256,2021-02-28,0,0,0,0,0,0,0
JD_12593244,2021-02-28,0,0,0,0,0,0,0
JD_12593173,2021-02-28,0,0,0,0,0,0,0
JD_12593169,2021-02-28,0,0,0,0,0,0,0
JD_12593167,2021-02-28,0,0,0,0,0,0,0
JD_12593165,2021-02-28,0,0,0,0,0,0,0
JD_12593148,2021-02-28,0,0,0,0,0,0,0
JD_12593142,2021-02-28,0,0,0,0,0,0,0
JD_12593102,2021-02-28,0,0,0,0,0,0,0
JD_12593100,2021-02-28,0,0,0,0,0,0,0
JD_12593088,2021-02-28,0,0,0,0,0,0,0
JD_12593064,2021-02-28,0,0,0,0,0,0,0
JD_12593018,2021-02-28,0,0,0,0,0,0,0
JD_12593000,2021-02-28,0,0,0,0,0,0,0
JD_12592989,2021-02-28,0,0,0,0,0,0,0
JD_12592987,2021-02-28,0,0,0,0,0,0,0
JD_12592983,2021-02-28,0,0,0,0,0,0,0
JD_12592965,2021-02-28,0,0,0,0,0,0,0
JD_12592941,2021-02-28,0,0,0,0,0,0,0
JD_12592929,2021-02-28,0,0,0,0,0,0,0
JD_12592901,2021-02-28,0,0,0,0,0,0,0
JD_12592899,2021-02-28,0,0,0,0,0,0,0
JD_12592866,2021-02-28,0,0,0,0,0,0,0
JD_12592863,2021-02-28,0,0,0,0,0,0,0
JD_12592858,2021-02-28,0,0,0,0,0,0,0
JD_12592844,2021-02-28,0,0,0,0,0,0,0
JD_12592820,2021-02-28,0,0,0,0,0,0,0
JD_12592773,2021-02-28,0,0,0,0,0,0,0
JD_12592769,2021-02-28,0,0,0,0,0,0,0
JD_12592741,2021-02-28,0,0,0,0,0,0,0
JD_12592719,2021-02-28,0,0,0,0,0,0,0
JD_12592717,2021-02-28,0,0,0,0,0,0,0
JD_12592657,2021-02-28,0,0,0,0,0,0,0
JD_12592655,2021-02-28,0,0,0,0,0,0,0
JD_12592636,2021-02-28,0,0,0,0,0,0,0
JD_12592630,2021-02-28,0,0,0,0,0,0,0
JD_12592615,2021-02-28,0,0,0,0,0,0,0
JD_12592573,2021-02-28,0,0,0,0,0,0,0
JD_12592571,2021-02-28,0,0,0,0,0,0,0
JD_12592541,2021-02-28,0,0,0,0,0,0,0
JD_12592511,2021-02-28,0,0,0,0,0,0,0
JD_12592503,2021-02-28,0,0,0,0,0,0,0
JD_12592497,2021-02-28,0,0,0,0,0,0,0
JD_12592481,2021-02-28,0,0,0,0,0,0,0
JD_12592479,2021-02-28,0,0,0,0,0,0,0
JD_12592471,2021-02-28,0,0,0,0,0,0,0
JD_12592469,2021-02-28,0,0,0,0,0,0,0
JD_12592455,2021-02-28,0,0,0,0,0,0,0
JD_12592451,2021-02-28,0,0,0,0,0,0,0
JD_12592393,2021-02-28,0,0,0,0,0,0,0
JD_12592335,2021-02-28,0,0,0,0,0,0,0
JD_12592331,2021-02-28,0,0,0,0,0,0,0
JD_12592305,2021-02-28,0,0,0,0,0,0,0
JD_12592295,2021-02-28,0,0,0,0,0,0,0
JD_12592220,2021-02-28,0,0,0,0,0,0,0
JD_12592194,2021-02-28,0,0,0,0,0,0,0
JD_12592179,2021-02-28,0,0,0,0,0,0,0
JD_12592170,2021-02-28,0,0,0,0,0,0,0
JD_12592152,2021-02-28,0,0,0,0,0,0,0
JD_12592151,2021-02-28,0,0,0,0,0,0,0
