JD_12578977,2021-02-28,0,0,0,0,0,0,0
JD_12578973,2021-02-28,0,0,0,0,0,0,0
JD_12578955,2021-02-28,0,0,0,0,0,0,0
JD_12578953,2021-02-28,0,0,0,0,0,0,0
JD_12578930,2021-02-28,0,0,0,0,0,0,0
JD_12578924,2021-02-28,0,0,0,0,0,0,0
JD_12578923,2021-02-28,0,0,0,0,0,0,0
JD_12578912,2021-02-28,0,0,0,0,0,0,0
JD_12578893,2021-02-28,0,0,0,0,0,0,0
JD_12578889,2021-02-28,0,0,0,0,0,0,0
JD_12578865,2021-02-28,0,0,0,0,0,0,0
JD_12578850,2021-02-28,0,0,0,0,0,0,0
JD_12578832,2021-02-28,0,0,0,0,0,0,0
JD_12578830,2021-02-28,0,0,0,0,0,0,0
JD_12578773,2021-02-28,0,0,0,0,0,0,0
JD_12578748,2021-02-28,0,0,0,0,0,0,0
JD_12578615,2021-02-28,0,0,0,0,0,0,0
JD_12578579,2021-02-28,0,0,0,0,0,0,0
JD_12578577,2021-02-28,0,0,0,0,0,0,0
JD_12578575,2021-02-28,0,0,0,0,0,0,0
JD_12578553,2021-02-28,0,0,0,0,0,0,0
JD_12578552,2021-02-28,0,0,0,0,0,0,0
JD_12578551,2021-02-28,0,0,0,0,0,0,0
JD_12578550,2021-02-28,0,0,0,0,0,0,0
JD_12578522,2021-02-28,0,0,0,0,0,0,0
JD_12578496,2021-02-28,0,0,0,0,0,0,0
JD_12578488,2021-02-28,0,0,0,0,0,0,0
JD_12578471,2021-02-28,0,0,0,0,0,0,0
JD_12578459,2021-02-28,0,0,0,0,0,0,0
JD_12578433,2021-02-28,0,0,0,0,0,0,0
JD_12578423,2021-02-28,0,0,0,0,0,0,0
JD_12578329,2021-02-28,0,0,0,0,0,0,0
JD_12578327,2021-02-28,0,0,0,0,0,0,0
JD_12578324,2021-02-28,0,0,0,0,0,0,0
JD_12578301,2021-02-28,0,0,0,0,0,0,0
JD_12578277,2021-02-28,0,0,0,0,0,0,0
JD_12578248,2021-02-28,0,0,0,0,0,0,0
JD_12578235,2021-02-28,0,0,0,0,0,0,0
JD_12578234,2021-02-28,0,0,0,0,0,0,0
JD_12578222,2021-02-28,0,0,0,0,0,0,0
JD_12578210,2021-02-28,0,0,0,0,0,0,0
JD_12578208,2021-02-28,0,0,0,0,0,0,0
JD_12578200,2021-02-28,0,0,0,0,0,0,0
JD_12578178,2021-02-28,0,0,0,0,0,0,0
JD_12578160,2021-02-28,0,0,0,0,0,0,0
JD_12578094,2021-02-28,0,0,0,0,0,0,0
JD_12578058,2021-02-28,0,0,0,0,0,0,0
JD_12578044,2021-02-28,0,0,0,0,0,0,0
JD_12578035,2021-02-28,0,0,0,0,0,0,0
JD_12577943,2021-02-28,0,0,0,0,0,0,0
JD_12577933,2021-02-28,0,0,0,0,0,0,0
JD_12577929,2021-02-28,0,0,0,0,0,0,0
JD_12577927,2021-02-28,0,0,0,0,0,0,0
JD_12577925,2021-02-28,0,0,0,0,0,0,0
JD_12577921,2021-02-28,0,0,0,0,0,0,0
JD_12577893,2021-02-28,0,0,0,0,0,0,0
JD_12577891,2021-02-28,0,0,0,0,0,0,0
JD_12577865,2021-02-28,0,0,0,0,0,0,0
JD_12577823,2021-02-28,0,0,0,0,0,0,0
JD_12577821,2021-02-28,0,0,0,0,0,0,0
JD_12577791,2021-02-28,0,0,0,0,0,0,0
JD_12577789,2021-02-28,0,0,0,0,0,0,0
JD_12577783,2021-02-28,0,0,0,0,0,0,0
JD_12577779,2021-02-28,0,0,0,0,0,0,0
JD_12577775,2021-02-28,0,0,0,0,0,0,0
JD_12577773,2021-02-28,0,0,0,0,0,0,0
JD_12577769,2021-02-28,0,0,0,0,0,0,0
JD_12577763,2021-02-28,0,0,0,0,0,0,0
JD_12577729,2021-02-28,0,0,0,0,0,0,0
JD_12577719,2021-02-28,0,0,0,0,0,0,0
