JD_12596187,2021-02-28,0,0,0,0,0,0,0
JD_12596181,2021-02-28,0,0,0,0,0,0,0
JD_12596179,2021-02-28,0,0,0,0,0,0,0
JD_12596137,2021-02-28,0,0,0,0,0,0,0
JD_12596133,2021-02-28,0,0,0,0,0,0,0
JD_12596125,2021-02-28,0,0,0,0,0,0,0
JD_12596099,2021-02-28,0,0,0,0,0,0,0
JD_12596097,2021-02-28,0,0,0,0,0,0,0
JD_12596095,2021-02-28,0,0,0,0,0,0,0
JD_12596093,2021-02-28,0,0,0,0,0,0,0
JD_12596091,2021-02-28,0,0,0,0,0,0,0
JD_12596089,2021-02-28,0,0,0,0,0,0,0
JD_12596087,2021-02-28,0,0,0,0,0,0,0
JD_12596085,2021-02-28,0,0,0,0,0,0,0
JD_12596083,2021-02-28,0,0,0,0,0,0,0
JD_12596018,2021-02-28,0,0,0,0,0,0,0
JD_12595968,2021-02-28,0,0,0,0,0,0,0
JD_12595931,2021-02-28,0,0,0,0,0,0,0
JD_12595923,2021-02-28,0,0,0,0,0,0,0
JD_12595843,2021-02-28,0,0,0,0,0,0,0
JD_12595841,2021-02-28,0,0,0,0,0,0,0
JD_12595754,2021-02-28,0,0,0,0,0,0,0
JD_12595739,2021-02-28,0,0,0,0,0,0,0
JD_12595729,2021-02-28,0,0,0,0,0,0,0
JD_12595701,2021-02-28,0,0,0,0,0,0,0
JD_12595699,2021-02-28,0,0,0,0,0,0,0
JD_12595683,2021-02-28,0,0,0,0,0,0,0
JD_12595591,2021-02-28,0,0,0,0,0,0,0
JD_12595589,2021-02-28,0,0,0,0,0,0,0
JD_12595543,2021-02-28,0,0,0,0,0,0,0
JD_12595537,2021-02-28,0,0,0,0,0,0,0
JD_12595442,2021-02-28,0,0,0,0,0,0,0
JD_12595391,2021-02-28,0,0,0,0,0,0,0
JD_12595372,2021-02-28,0,0,0,0,0,0,0
JD_12595291,2021-02-28,0,0,0,0,0,0,0
JD_12595290,2021-02-28,0,0,0,0,0,0,0
JD_12595253,2021-02-28,0,0,0,0,0,0,0
JD_12595247,2021-02-28,0,0,0,0,0,0,0
JD_12595237,2021-02-28,0,0,0,0,0,0,0
JD_12595197,2021-02-28,0,0,0,0,0,0,0
JD_12595177,2021-02-28,0,0,0,0,0,0,0
JD_12595170,2021-02-28,0,0,0,0,0,0,0
JD_12595055,2021-02-28,0,0,0,0,0,0,0
JD_12595053,2021-02-28,0,0,0,0,0,0,0
JD_12595049,2021-02-28,0,0,0,0,0,0,0
JD_12595045,2021-02-28,0,0,0,0,0,0,0
JD_12595043,2021-02-28,0,0,0,0,0,0,0
JD_12594969,2021-02-28,0,0,0,0,0,0,0
JD_12594967,2021-02-28,0,0,0,0,0,0,0
JD_12594900,2021-02-28,0,0,0,0,0,0,0
JD_12594889,2021-02-28,0,0,0,0,0,0,0
JD_12594876,2021-02-28,0,0,0,0,0,0,0
JD_12594861,2021-02-28,0,0,0,0,0,0,0
JD_12594860,2021-02-28,0,0,0,0,0,0,0
JD_12594789,2021-02-28,0,0,0,0,0,0,0
JD_12594775,2021-02-28,0,0,0,0,0,0,0
JD_12594741,2021-02-28,0,0,0,0,0,0,0
JD_12594739,2021-02-28,0,0,0,0,0,0,0
JD_12594737,2021-02-28,0,0,0,0,0,0,0
JD_12594729,2021-02-28,0,0,0,0,0,0,0
JD_12594723,2021-02-28,0,0,0,0,0,0,0
JD_12594719,2021-02-28,0,0,0,0,0,0,0
JD_12594717,2021-02-28,0,0,0,0,0,0,0
JD_12594711,2021-02-28,0,0,0,0,0,0,0
JD_12594707,2021-02-28,0,0,0,0,0,0,0
JD_12594705,2021-02-28,0,0,0,0,0,0,0
JD_12594699,2021-02-28,0,0,0,0,0,0,0
JD_12594697,2021-02-28,0,0,0,0,0,0,0
JD_12594687,2021-02-28,0,0,0,0,0,0,0
JD_12594683,2021-02-28,0,0,0,0,0,0,0
