JD_12973386,2021-02-28,0,0,0,0,0,0,0
JD_12973384,2021-02-28,0,0,0,0,0,0,0
JD_12973368,2021-02-28,0,0,0,0,0,0,0
JD_12973364,2021-02-28,0,0,0,0,0,0,0
JD_12973360,2021-02-28,0,0,0,0,0,0,0
JD_12973358,2021-02-28,0,0,0,0,0,0,0
JD_12973342,2021-02-28,0,0,0,0,0,0,0
JD_12973338,2021-02-28,0,0,0,0,0,0,0
JD_12973336,2021-02-28,0,0,0,0,0,0,0
JD_12973326,2021-02-28,0,0,0,0,0,0,0
JD_12973322,2021-02-28,0,0,0,0,0,0,0
JD_12973318,2021-02-28,0,0,0,0,0,0,0
JD_12973314,2021-02-28,0,0,0,0,0,0,0
JD_12973310,2021-02-28,0,0,0,0,0,0,0
JD_12973300,2021-02-28,0,0,0,0,0,0,0
JD_12973284,2021-02-28,0,0,0,0,0,0,0
JD_12973266,2021-02-28,0,0,0,0,0,0,0
JD_12973258,2021-02-28,0,0,0,0,0,0,0
JD_12973254,2021-02-28,0,0,0,0,0,0,0
JD_12973248,2021-02-28,0,0,0,0,0,0,0
JD_12973216,2021-02-28,0,0,0,0,0,0,0
JD_12973200,2021-02-28,0,0,0,0,0,0,0
JD_12973128,2021-02-28,0,0,0,0,0,0,0
JD_12973126,2021-02-28,0,0,0,0,0,0,0
JD_12973108,2021-02-28,0,0,0,0,0,0,0
JD_12973094,2021-02-28,0,0,0,0,0,0,0
JD_12973092,2021-02-28,0,0,0,0,0,0,0
JD_12973090,2021-02-28,0,0,0,0,0,0,0
JD_12973086,2021-02-28,0,0,0,0,0,0,0
JD_12973072,2021-02-28,0,0,0,0,0,0,0
JD_12973068,2021-02-28,0,0,0,0,0,0,0
JD_12973064,2021-02-28,0,0,0,0,0,0,0
JD_12973046,2021-02-28,0,0,0,0,0,0,0
JD_12973040,2021-02-28,0,0,0,0,0,0,0
JD_12973030,2021-02-28,0,0,0,0,0,0,0
JD_12973026,2021-02-28,0,0,0,0,0,0,0
JD_12973010,2021-02-28,0,0,0,0,0,0,0
JD_12973006,2021-02-28,0,0,0,0,0,0,0
JD_12973000,2021-02-28,0,0,0,0,0,0,0
JD_12972990,2021-02-28,0,0,0,0,0,0,0
JD_12972978,2021-02-28,0,0,0,0,0,0,0
JD_12972976,2021-02-28,0,0,0,0,0,0,0
JD_12972966,2021-02-28,0,0,0,0,0,0,0
JD_12972958,2021-02-28,0,0,0,0,0,0,0
JD_12972956,2021-02-28,0,0,0,0,0,0,0
JD_12972950,2021-02-28,0,0,0,0,0,0,0
JD_12972944,2021-02-28,0,0,0,0,0,0,0
JD_12972912,2021-02-28,0,0,0,0,0,0,0
JD_12972848,2021-02-28,0,0,0,0,0,0,0
JD_12972844,2021-02-28,0,0,0,0,0,0,0
JD_12972840,2021-02-28,0,0,0,0,0,0,0
JD_12972832,2021-02-28,0,0,0,0,0,0,0
JD_12972812,2021-02-28,0,0,0,0,0,0,0
JD_12972804,2021-02-28,0,0,0,0,0,0,0
JD_12972796,2021-02-28,0,0,0,0,0,0,0
JD_12972794,2021-02-28,0,0,0,0,0,0,0
JD_12972772,2021-02-28,0,0,0,0,0,0,0
JD_12972744,2021-02-28,0,0,0,0,0,0,0
JD_12972732,2021-02-28,0,0,0,0,0,0,0
JD_12972716,2021-02-28,0,0,0,0,0,0,0
JD_12972700,2021-02-28,0,0,0,0,0,0,0
JD_12972694,2021-02-28,0,0,0,0,0,0,0
JD_12972680,2021-02-28,0,0,0,0,0,0,0
JD_12972666,2021-02-28,0,0,0,0,0,0,0
JD_12972650,2021-02-28,0,0,0,0,0,0,0
JD_12972628,2021-02-28,0,0,0,0,0,0,0
JD_12972626,2021-02-28,0,0,0,0,0,0,0
JD_12972622,2021-02-28,0,0,0,0,0,0,0
JD_12972620,2021-02-28,0,0,0,0,0,0,0
JD_12972616,2021-02-28,0,0,0,0,0,0,0
