JD_12733063,2021-02-28,0,0,0,0,0,0,0
JD_12733051,2021-02-28,0,0,0,0,0,0,0
JD_12733045,2021-02-28,0,0,0,0,0,0,0
JD_12733039,2021-02-28,0,0,0,0,0,0,0
JD_12733037,2021-02-28,0,0,0,0,0,0,0
JD_12733026,2021-02-28,0,0,0,0,0,0,0
JD_12733023,2021-02-28,0,0,0,0,0,0,0
JD_12733021,2021-02-28,0,0,0,0,0,0,0
JD_12733013,2021-02-28,0,0,0,0,0,0,0
JD_12732999,2021-02-28,0,0,0,0,0,0,0
JD_12732987,2021-02-28,0,0,0,0,0,0,0
JD_12732976,2021-02-28,0,0,0,0,0,0,0
JD_12732974,2021-02-28,0,0,0,0,0,0,0
JD_12732970,2021-02-28,0,0,0,0,0,0,0
JD_12732967,2021-02-28,0,0,0,0,0,0,0
JD_12732965,2021-02-28,0,0,0,0,0,0,0
JD_12732953,2021-02-28,0,0,0,0,0,0,0
JD_12732923,2021-02-28,0,0,0,0,0,0,0
JD_12732901,2021-02-28,0,0,0,0,0,0,0
JD_12732891,2021-02-28,0,0,0,0,0,0,0
JD_12732871,2021-02-28,0,0,0,0,0,0,0
JD_12732869,2021-02-28,0,0,0,0,0,0,0
JD_12732861,2021-02-28,0,0,0,0,0,0,0
JD_12732857,2021-02-28,0,0,0,0,0,0,0
JD_12732829,2021-02-28,0,0,0,0,0,0,0
JD_12732823,2021-02-28,0,0,0,0,0,0,0
JD_12732821,2021-02-28,0,0,0,0,0,0,0
JD_12732819,2021-02-28,0,0,0,0,0,0,0
JD_12732809,2021-02-28,0,0,0,0,0,0,0
JD_12732807,2021-02-28,0,0,0,0,0,0,0
JD_12732803,2021-02-28,0,0,0,0,0,0,0
JD_12732792,2021-02-28,0,0,0,0,0,0,0
JD_12732781,2021-02-28,0,0,0,0,0,0,0
JD_12732747,2021-02-28,0,0,0,0,0,0,0
JD_12732739,2021-02-28,0,0,0,0,0,0,0
JD_12732737,2021-02-28,0,0,0,0,0,0,0
JD_12732729,2021-02-28,0,0,0,0,0,0,0
JD_12732713,2021-02-28,0,0,0,0,0,0,0
JD_12732707,2021-02-28,0,0,0,0,0,0,0
JD_12732705,2021-02-28,0,0,0,0,0,0,0
JD_12732688,2021-02-28,0,0,0,0,0,0,0
JD_12732684,2021-02-28,0,0,0,0,0,0,0
JD_12732683,2021-02-28,0,0,0,0,0,0,0
JD_12732676,2021-02-28,0,0,0,0,0,0,0
JD_12732664,2021-02-28,0,0,0,0,0,0,0
JD_12732662,2021-02-28,0,0,0,0,0,0,0
JD_12732659,2021-02-28,0,0,0,0,0,0,0
JD_12732643,2021-02-28,0,0,0,0,0,0,0
JD_12732631,2021-02-28,0,0,0,0,0,0,0
JD_12732619,2021-02-28,0,0,0,0,0,0,0
JD_12732617,2021-02-28,0,0,0,0,0,0,0
JD_12732579,2021-02-28,0,0,0,0,0,0,0
JD_12732551,2021-02-28,0,0,0,0,0,0,0
JD_12732530,2021-02-28,0,0,0,0,0,0,0
JD_12732522,2021-02-28,0,0,0,0,0,0,0
JD_12732521,2021-02-28,0,0,0,0,0,0,0
JD_12732520,2021-02-28,0,0,0,0,0,0,0
JD_12732518,2021-02-28,0,0,0,0,0,0,0
JD_12732507,2021-02-28,0,0,0,0,0,0,0
JD_12732498,2021-02-28,0,0,0,0,0,0,0
JD_12732496,2021-02-28,0,0,0,0,0,0,0
JD_12732493,2021-02-28,0,0,0,0,0,0,0
JD_12732487,2021-02-28,0,0,0,0,0,0,0
JD_12732477,2021-02-28,0,0,0,0,0,0,0
JD_12732452,2021-02-28,0,0,0,0,0,0,0
JD_12732434,2021-02-28,0,0,0,0,0,0,0
JD_12732433,2021-02-28,0,0,0,0,0,0,0
JD_12732432,2021-02-28,0,0,0,0,0,0,0
JD_12732427,2021-02-28,0,0,0,0,0,0,0
JD_12732421,2021-02-28,0,0,0,0,0,0,0
